4.455555555555555713e+01
4.455555555555555713e+01
4.458333333333333570e+01
4.505555555555555713e+01
4.508333333333333570e+01
4.247222222222222143e+01
4.136111111111111427e+01
4.027777777777777857e+01
4.102777777777777857e+01
4.438888888888888573e+01
8.138888888888888573e+01
1.429722222222222285e+02
1.473333333333333428e+02
1.478333333333333428e+02
1.463055555555555429e+02
1.450555555555555429e+02
1.442222222222222285e+02
1.442500000000000000e+02
1.450000000000000000e+02
1.441944444444444571e+02
1.450000000000000000e+02
1.446388888888888857e+02
1.451111111111111143e+02
1.440277777777777715e+02
1.453888888888888857e+02
1.466388888888888857e+02
1.468611111111111143e+02
1.477222222222222285e+02
1.461666666666666572e+02
1.469166666666666572e+02
1.474722222222222285e+02
1.573055555555555429e+02
2.175000000000000000e+02
2.182500000000000000e+02
2.190555555555555429e+02
2.188333333333333428e+02
2.194722222222222285e+02
2.190277777777777715e+02
2.182777777777777715e+02
2.185000000000000000e+02
2.187500000000000000e+02
2.189722222222222285e+02
2.195555555555555429e+02
2.194166666666666572e+02
2.195277777777777715e+02
2.193055555555555429e+02
2.207500000000000000e+02
2.203055555555555429e+02
2.205555555555555429e+02
2.215555555555555429e+02
2.215833333333333428e+02
2.214166666666666572e+02
2.224722222222222285e+02
2.222777777777777715e+02
2.225000000000000000e+02
2.220000000000000000e+02
2.220277777777777715e+02
2.215555555555555429e+02
2.220555555555555429e+02
2.213055555555555429e+02
2.213055555555555429e+02
2.211944444444444571e+02
2.210833333333333428e+02
2.211944444444444571e+02
2.218055555555555429e+02
2.221111111111111143e+02
2.227777777777777715e+02
2.230555555555555429e+02
2.226944444444444571e+02
2.230000000000000000e+02
2.229722222222222285e+02
2.228888888888888857e+02
2.228888888888888857e+02
2.220000000000000000e+02
2.221388888888888857e+02
2.217777777777777715e+02
2.218888888888888857e+02
2.213888888888888857e+02
2.216944444444444571e+02
2.221666666666666572e+02
2.221388888888888857e+02
2.223888888888888857e+02
2.224722222222222285e+02
2.226111111111111143e+02
2.227222222222222285e+02
2.229166666666666572e+02
2.230000000000000000e+02
2.230555555555555429e+02
2.231111111111111143e+02
2.231111111111111143e+02
2.230277777777777715e+02
2.232222222222222285e+02
2.238333333333333428e+02
2.237500000000000000e+02
2.241388888888888857e+02
2.239444444444444571e+02
2.238333333333333428e+02
2.238611111111111143e+02
2.239166666666666572e+02
2.236666666666666572e+02
2.210833333333333428e+02
2.165000000000000000e+02
2.129444444444444571e+02
2.098333333333333428e+02
2.121388888888888857e+02
2.160277777777777715e+02
2.218611111111111143e+02
2.243333333333333428e+02
2.238888888888888857e+02
2.238611111111111143e+02
2.238611111111111143e+02
2.236111111111111143e+02
2.236944444444444571e+02
2.238611111111111143e+02
2.231666666666666572e+02
2.231388888888888857e+02
2.239166666666666572e+02
2.232777777777777715e+02
2.234166666666666572e+02
2.229444444444444571e+02
2.228055555555555429e+02
2.230277777777777715e+02
2.229166666666666572e+02
2.233888888888888857e+02
2.229166666666666572e+02
2.228611111111111143e+02
2.217777777777777715e+02
2.218611111111111143e+02
2.214166666666666572e+02
2.210833333333333428e+02
2.207500000000000000e+02
2.197222222222222285e+02
2.188055555555555429e+02
2.186388888888888857e+02
2.177222222222222285e+02
2.176388888888888857e+02
2.171944444444444571e+02
2.165833333333333428e+02
2.155277777777777715e+02
2.144722222222222285e+02
2.137222222222222285e+02
2.141111111111111143e+02
2.140555555555555429e+02
2.150833333333333428e+02
2.144166666666666572e+02
2.138888888888888857e+02
2.123055555555555429e+02
2.116944444444444571e+02
2.123055555555555429e+02
2.123055555555555429e+02
2.123055555555555429e+02
2.120277777777777715e+02
2.116388888888888857e+02
2.115833333333333428e+02
2.118611111111111143e+02
2.123055555555555429e+02
2.121944444444444571e+02
2.126111111111111143e+02
2.130277777777777715e+02
2.131111111111111143e+02
2.134722222222222285e+02
2.146666666666666572e+02
2.151388888888888857e+02
2.158055555555555429e+02
2.140277777777777715e+02
1.976388888888888857e+02
1.900833333333333428e+02
1.841944444444444571e+02
1.757777777777777715e+02
1.656666666666666572e+02
1.643888888888888857e+02
1.625833333333333428e+02
1.610277777777777715e+02
1.572222222222222285e+02
1.464166666666666572e+02
1.481944444444444571e+02
1.479722222222222285e+02
1.471388888888888857e+02
1.474722222222222285e+02
1.477777777777777715e+02
1.478333333333333428e+02
1.481388888888888857e+02
1.485000000000000000e+02
1.476666666666666572e+02
1.754444444444444571e+02
2.051666666666666572e+02
2.179444444444444571e+02
2.180000000000000000e+02
2.181944444444444571e+02
2.173888888888888857e+02
2.171388888888888857e+02
2.176388888888888857e+02
2.172777777777777715e+02
2.168888888888888857e+02
2.170000000000000000e+02
2.164444444444444571e+02
2.156388888888888857e+02
2.158333333333333428e+02
2.155000000000000000e+02
2.157222222222222285e+02
2.159166666666666572e+02
2.158611111111111143e+02
2.155555555555555429e+02
2.146666666666666572e+02
2.136666666666666572e+02
2.124166666666666572e+02
2.120555555555555429e+02
2.119722222222222285e+02
2.125000000000000000e+02
2.127500000000000000e+02
2.124166666666666572e+02
2.117777777777777715e+02
2.115555555555555429e+02
2.109444444444444571e+02
2.105833333333333428e+02
2.096944444444444571e+02
2.090277777777777715e+02
2.086944444444444571e+02
2.082500000000000000e+02
2.081944444444444571e+02
2.088333333333333428e+02
2.116111111111111143e+02
2.112777777777777715e+02
2.108333333333333428e+02
2.103055555555555429e+02
2.100833333333333428e+02
2.103888888888888857e+02
2.106388888888888857e+02
2.110277777777777715e+02
2.108055555555555429e+02
2.109722222222222285e+02
2.096944444444444571e+02
2.080833333333333428e+02
2.076388888888888857e+02
2.080000000000000000e+02
2.088333333333333428e+02
1.904722222222222285e+02
1.378055555555555429e+02
1.372500000000000000e+02
1.383333333333333428e+02
1.387222222222222285e+02
1.381388888888888857e+02
1.385555555555555429e+02
1.388888888888888857e+02
1.389166666666666572e+02
1.397222222222222285e+02
1.412222222222222285e+02
1.401944444444444571e+02
1.413611111111111143e+02
1.410277777777777715e+02
1.415000000000000000e+02
1.408888888888888857e+02
1.440277777777777715e+02
1.476944444444444571e+02
1.386388888888888857e+02
1.388888888888888857e+02
1.393888888888888857e+02
1.403055555555555429e+02
1.391944444444444571e+02
1.395833333333333428e+02
1.401944444444444571e+02
1.411111111111111143e+02
1.407222222222222285e+02
1.405555555555555429e+02
1.418333333333333428e+02
1.413055555555555429e+02
1.416388888888888857e+02
1.418611111111111143e+02
1.408333333333333428e+02
1.412777777777777715e+02
1.413611111111111143e+02
1.408055555555555429e+02
1.421388888888888857e+02
1.413333333333333428e+02
1.409722222222222285e+02
1.396111111111111143e+02
1.401944444444444571e+02
1.384444444444444571e+02
1.369166666666666572e+02
1.379722222222222285e+02
1.370555555555555429e+02
1.388333333333333428e+02
1.384722222222222285e+02
1.382777777777777715e+02
1.377500000000000000e+02
1.376111111111111143e+02
1.379166666666666572e+02
1.366111111111111143e+02
1.361944444444444571e+02
1.371944444444444571e+02
1.463888888888888857e+02
1.416666666666666572e+02
1.414444444444444571e+02
1.406944444444444571e+02
1.397500000000000000e+02
1.398611111111111143e+02
1.397777777777777715e+02
1.405000000000000000e+02
1.392222222222222285e+02
1.404722222222222285e+02
1.420555555555555429e+02
1.414722222222222285e+02
1.428888888888888857e+02
1.445277777777777715e+02
1.440555555555555429e+02
1.439444444444444571e+02
1.446111111111111143e+02
1.458611111111111143e+02
1.472500000000000000e+02
1.476666666666666572e+02
1.490833333333333428e+02
1.491111111111111143e+02
1.511944444444444571e+02
1.520833333333333428e+02
1.526111111111111143e+02
1.530277777777777715e+02
1.533611111111111143e+02
1.523333333333333428e+02
1.534722222222222285e+02
1.568333333333333428e+02
1.527222222222222285e+02
1.470555555555555429e+02
1.490833333333333428e+02
1.490000000000000000e+02
1.501666666666666572e+02
1.513055555555555429e+02
1.520000000000000000e+02
1.526944444444444571e+02
1.524444444444444571e+02
1.535000000000000000e+02
1.550833333333333428e+02
1.547500000000000000e+02
1.544444444444444571e+02
1.543611111111111143e+02
1.544166666666666572e+02
1.532222222222222285e+02
1.518611111111111143e+02
1.517777777777777715e+02
1.522777777777777715e+02
1.513888888888888857e+02
1.510555555555555429e+02
1.504166666666666572e+02
1.506111111111111143e+02
1.501111111111111143e+02
1.500277777777777715e+02
1.486944444444444571e+02
1.482222222222222285e+02
1.481388888888888857e+02
1.481944444444444571e+02
1.471666666666666572e+02
1.463611111111111143e+02
1.453055555555555429e+02
1.454444444444444571e+02
1.452777777777777715e+02
1.464444444444444571e+02
1.431111111111111143e+02
1.415555555555555429e+02
1.409722222222222285e+02
1.506666666666666572e+02
1.483333333333333428e+02
1.472777777777777715e+02
1.455000000000000000e+02
1.441666666666666572e+02
1.459722222222222285e+02
1.462500000000000000e+02
1.461666666666666572e+02
1.465277777777777715e+02
1.461388888888888857e+02
1.457777777777777715e+02
1.472777777777777715e+02
1.469166666666666572e+02
1.482500000000000000e+02
1.495555555555555429e+02
1.505277777777777715e+02
1.499166666666666572e+02
1.513611111111111143e+02
1.515000000000000000e+02
1.512777777777777715e+02
1.509166666666666572e+02
1.516111111111111143e+02
1.501666666666666572e+02
1.497500000000000000e+02
1.507222222222222285e+02
1.505277777777777715e+02
1.514722222222222285e+02
1.510277777777777715e+02
1.523611111111111143e+02
1.558888888888888857e+02
1.496944444444444571e+02
1.471944444444444571e+02
1.492222222222222285e+02
1.488333333333333428e+02
1.486111111111111143e+02
1.493333333333333428e+02
1.476666666666666572e+02
1.475833333333333428e+02
1.486111111111111143e+02
1.485833333333333428e+02
1.481944444444444571e+02
1.479166666666666572e+02
1.481388888888888857e+02
1.490277777777777715e+02
1.496666666666666572e+02
1.490555555555555429e+02
1.494166666666666572e+02
1.496388888888888857e+02
1.481388888888888857e+02
1.489444444444444571e+02
1.494166666666666572e+02
1.495833333333333428e+02
1.490833333333333428e+02
1.479722222222222285e+02
1.488055555555555429e+02
1.488055555555555429e+02
1.491388888888888857e+02
1.564444444444444571e+02
1.890555555555555429e+02
2.203611111111111143e+02
2.198611111111111143e+02
2.189444444444444571e+02
2.188055555555555429e+02
2.188055555555555429e+02
2.191388888888888857e+02
2.170555555555555429e+02
2.158611111111111143e+02
2.151111111111111143e+02
2.160277777777777715e+02
2.168333333333333428e+02
2.176388888888888857e+02
2.183611111111111143e+02
2.185555555555555429e+02
2.186666666666666572e+02
2.187777777777777715e+02
2.185277777777777715e+02
2.181111111111111143e+02
2.186944444444444571e+02
2.185277777777777715e+02
2.188055555555555429e+02
2.192222222222222285e+02
2.193333333333333428e+02
2.186666666666666572e+02
2.186666666666666572e+02
2.187222222222222285e+02
2.187777777777777715e+02
2.195000000000000000e+02
2.195555555555555429e+02
2.199166666666666572e+02
2.209722222222222285e+02
2.210277777777777715e+02
2.208055555555555429e+02
2.206388888888888857e+02
2.209722222222222285e+02
2.211666666666666572e+02
2.210277777777777715e+02
2.220000000000000000e+02
2.221111111111111143e+02
2.228333333333333428e+02
2.231388888888888857e+02
2.235000000000000000e+02
2.237222222222222285e+02
2.241666666666666572e+02
2.247222222222222285e+02
2.246388888888888857e+02
2.243333333333333428e+02
2.238611111111111143e+02
2.235833333333333428e+02
2.230000000000000000e+02
2.215000000000000000e+02
2.207500000000000000e+02
2.211944444444444571e+02
2.213333333333333428e+02
2.217500000000000000e+02
2.213055555555555429e+02
2.210277777777777715e+02
2.217500000000000000e+02
2.221388888888888857e+02
2.225555555555555429e+02
2.224444444444444571e+02
2.221666666666666572e+02
2.221388888888888857e+02
2.225277777777777715e+02
2.221111111111111143e+02
2.217777777777777715e+02
2.220833333333333428e+02
2.224166666666666572e+02
2.219722222222222285e+02
2.211666666666666572e+02
2.215000000000000000e+02
2.211666666666666572e+02
2.205555555555555429e+02
2.202777777777777715e+02
2.202500000000000000e+02
2.197777777777777715e+02
2.194166666666666572e+02
2.187500000000000000e+02
2.180555555555555429e+02
2.186666666666666572e+02
2.195555555555555429e+02
2.195833333333333428e+02
2.207222222222222285e+02
2.201666666666666572e+02
2.192222222222222285e+02
2.187222222222222285e+02
2.181111111111111143e+02
2.179166666666666572e+02
2.180555555555555429e+02
2.182222222222222285e+02
2.191666666666666572e+02
2.201111111111111143e+02
2.211944444444444571e+02
2.212777777777777715e+02
2.224166666666666572e+02
2.222500000000000000e+02
2.223888888888888857e+02
2.229444444444444571e+02
2.234166666666666572e+02
2.235833333333333428e+02
2.240000000000000000e+02
2.240555555555555429e+02
2.241388888888888857e+02
2.239444444444444571e+02
2.238055555555555429e+02
2.235000000000000000e+02
2.226666666666666572e+02
2.231111111111111143e+02
2.188055555555555429e+02
2.048888888888888857e+02
1.931944444444444571e+02
1.886944444444444571e+02
1.832500000000000000e+02
1.765555555555555429e+02
1.720277777777777715e+02
1.695277777777777715e+02
1.618055555555555429e+02
1.561388888888888857e+02
1.562777777777777715e+02
1.545277777777777715e+02
1.550277777777777715e+02
1.545555555555555429e+02
1.576388888888888857e+02
1.648611111111111143e+02
1.704722222222222285e+02
1.843611111111111143e+02
1.905555555555555429e+02
1.973611111111111143e+02
2.091944444444444571e+02
2.156111111111111143e+02
2.233888888888888857e+02
2.225277777777777715e+02
2.223611111111111143e+02
2.226111111111111143e+02
2.219166666666666572e+02
2.214444444444444571e+02
2.216666666666666572e+02
2.218611111111111143e+02
2.211666666666666572e+02
2.205833333333333428e+02
2.204444444444444571e+02
2.195000000000000000e+02
2.183333333333333428e+02
2.177777777777777715e+02
2.166388888888888857e+02
2.165277777777777715e+02
2.157777777777777715e+02
2.149444444444444571e+02
2.157222222222222285e+02
2.165000000000000000e+02
2.162500000000000000e+02
2.156388888888888857e+02
2.144166666666666572e+02
2.136388888888888857e+02
2.125833333333333428e+02
2.124722222222222285e+02
2.123888888888888857e+02
2.129722222222222285e+02
2.128888888888888857e+02
2.141388888888888857e+02
2.154444444444444571e+02
2.154166666666666572e+02
2.157500000000000000e+02
2.164722222222222285e+02
2.171666666666666572e+02
2.171944444444444571e+02
2.171944444444444571e+02
2.173055555555555429e+02
2.170000000000000000e+02
2.171388888888888857e+02
2.171111111111111143e+02
2.170833333333333428e+02
2.173611111111111143e+02
2.181666666666666572e+02
2.182222222222222285e+02
2.189444444444444571e+02
2.196666666666666572e+02
2.201111111111111143e+02
2.201666666666666572e+02
2.202222222222222285e+02
2.198333333333333428e+02
2.198333333333333428e+02
2.196944444444444571e+02
2.201388888888888857e+02
2.198055555555555429e+02
2.188888888888888857e+02
2.185000000000000000e+02
2.181111111111111143e+02
2.184722222222222285e+02
2.182500000000000000e+02
2.180555555555555429e+02
2.183333333333333428e+02
2.178333333333333428e+02
2.174444444444444571e+02
2.173055555555555429e+02
2.172222222222222285e+02
2.181944444444444571e+02
2.176111111111111143e+02
2.171388888888888857e+02
2.168611111111111143e+02
2.163611111111111143e+02
2.165555555555555429e+02
2.165000000000000000e+02
2.163888888888888857e+02
2.158055555555555429e+02
2.155555555555555429e+02
2.154444444444444571e+02
2.143888888888888857e+02
2.147222222222222285e+02
2.150000000000000000e+02
2.147500000000000000e+02
2.135277777777777715e+02
2.129444444444444571e+02
2.122500000000000000e+02
2.118888888888888857e+02
2.113888888888888857e+02
2.107222222222222285e+02
2.127777777777777715e+02
2.138888888888888857e+02
2.124722222222222285e+02
2.114166666666666572e+02
2.119166666666666572e+02
2.118888888888888857e+02
2.118611111111111143e+02
2.113611111111111143e+02
2.112500000000000000e+02
2.106388888888888857e+02
2.128333333333333428e+02
2.138333333333333428e+02
2.138611111111111143e+02
2.150833333333333428e+02
2.150277777777777715e+02
2.165833333333333428e+02
2.170000000000000000e+02
2.169722222222222285e+02
2.161666666666666572e+02
2.149722222222222285e+02
2.085000000000000000e+02
1.483333333333333428e+02
1.486111111111111143e+02
1.472777777777777715e+02
1.480833333333333428e+02
1.488055555555555429e+02
1.527222222222222285e+02
1.446666666666666572e+02
1.470833333333333428e+02
1.468055555555555429e+02
1.463611111111111143e+02
1.468888888888888857e+02
1.477777777777777715e+02
1.478333333333333428e+02
1.473055555555555429e+02
1.476944444444444571e+02
1.470833333333333428e+02
1.473611111111111143e+02
1.475555555555555429e+02
1.468333333333333428e+02
1.473611111111111143e+02
1.453055555555555429e+02
1.459166666666666572e+02
1.460555555555555429e+02
1.446944444444444571e+02
1.442777777777777715e+02
1.442777777777777715e+02
1.426111111111111143e+02
1.418888888888888857e+02
1.427500000000000000e+02
1.416388888888888857e+02
1.422500000000000000e+02
1.421944444444444571e+02
1.410000000000000000e+02
1.397500000000000000e+02
1.406944444444444571e+02
1.405833333333333428e+02
1.385833333333333428e+02
1.366388888888888857e+02
1.445277777777777715e+02
1.414722222222222285e+02
1.398611111111111143e+02
1.396111111111111143e+02
1.386944444444444571e+02
1.374722222222222285e+02
1.386944444444444571e+02
1.395000000000000000e+02
1.413888888888888857e+02
1.418611111111111143e+02
1.431666666666666572e+02
1.440277777777777715e+02
1.452777777777777715e+02
1.461944444444444571e+02
1.459444444444444571e+02
1.482777777777777715e+02
1.483055555555555429e+02
1.491111111111111143e+02
1.497500000000000000e+02
1.500000000000000000e+02
1.508888888888888857e+02
1.517222222222222285e+02
1.514444444444444571e+02
1.532222222222222285e+02
1.539166666666666572e+02
1.521944444444444571e+02
1.536388888888888857e+02
1.550833333333333428e+02
1.597777777777777715e+02
1.505833333333333428e+02
1.524722222222222285e+02
1.538611111111111143e+02
1.543055555555555429e+02
1.546944444444444571e+02
1.546388888888888857e+02
1.549444444444444571e+02
1.542777777777777715e+02
1.544722222222222285e+02
1.538888888888888857e+02
1.545555555555555429e+02
1.537500000000000000e+02
1.530833333333333428e+02
1.541111111111111143e+02
1.547500000000000000e+02
1.539166666666666572e+02
1.540000000000000000e+02
1.539722222222222285e+02
1.535277777777777715e+02
1.525277777777777715e+02
1.536944444444444571e+02
1.527777777777777715e+02
1.530000000000000000e+02
1.525833333333333428e+02
1.530555555555555429e+02
1.527222222222222285e+02
1.534722222222222285e+02
1.523055555555555429e+02
1.529722222222222285e+02
1.522222222222222285e+02
1.514166666666666572e+02
1.518888888888888857e+02
1.512500000000000000e+02
1.502222222222222285e+02
1.497777777777777715e+02
1.503888888888888857e+02
1.502500000000000000e+02
1.486388888888888857e+02
1.485833333333333428e+02
1.458333333333333428e+02
1.540833333333333428e+02
1.501111111111111143e+02
1.478611111111111143e+02
1.484722222222222285e+02
1.482222222222222285e+02
1.478888888888888857e+02
1.505277777777777715e+02
1.513055555555555429e+02
1.506944444444444571e+02
1.526666666666666572e+02
1.537222222222222285e+02
1.535833333333333428e+02
1.556666666666666572e+02
1.561111111111111143e+02
1.563333333333333428e+02
1.570277777777777715e+02
1.576944444444444571e+02
1.577777777777777715e+02
1.585000000000000000e+02
1.580000000000000000e+02
1.577777777777777715e+02
1.578611111111111143e+02
1.574444444444444571e+02
1.585277777777777715e+02
1.591944444444444571e+02
1.583055555555555429e+02
1.639722222222222285e+02
1.551111111111111143e+02
1.550000000000000000e+02
1.550833333333333428e+02
1.564444444444444571e+02
1.557222222222222285e+02
1.557500000000000000e+02
1.556944444444444571e+02
1.564444444444444571e+02
1.559166666666666572e+02
1.554444444444444571e+02
1.554722222222222285e+02
1.551388888888888857e+02
1.550000000000000000e+02
1.538055555555555429e+02
1.542500000000000000e+02
1.540833333333333428e+02
1.532777777777777715e+02
1.541388888888888857e+02
1.542500000000000000e+02
1.542222222222222285e+02
1.537222222222222285e+02
1.540555555555555429e+02
1.526388888888888857e+02
1.525555555555555429e+02
1.527222222222222285e+02
1.522500000000000000e+02
1.515833333333333428e+02
1.521666666666666572e+02
1.533888888888888857e+02
1.516944444444444571e+02
1.519722222222222285e+02
1.524166666666666572e+02
1.517777777777777715e+02
1.520555555555555429e+02
1.514166666666666572e+02
1.512500000000000000e+02
1.518055555555555429e+02
1.500277777777777715e+02
1.466944444444444571e+02
1.636944444444444571e+02
2.043611111111111143e+02
2.217500000000000000e+02
2.213055555555555429e+02
2.197500000000000000e+02
2.181388888888888857e+02
2.178888888888888857e+02
2.186111111111111143e+02
2.203333333333333428e+02
2.209444444444444571e+02
2.194722222222222285e+02
2.180555555555555429e+02
2.176111111111111143e+02
2.180000000000000000e+02
2.186944444444444571e+02
2.190277777777777715e+02
2.197777777777777715e+02
2.199166666666666572e+02
2.206666666666666572e+02
2.220277777777777715e+02
2.228611111111111143e+02
2.231388888888888857e+02
2.234166666666666572e+02
2.227222222222222285e+02
2.220833333333333428e+02
2.225555555555555429e+02
2.221944444444444571e+02
2.225555555555555429e+02
2.225833333333333428e+02
2.223888888888888857e+02
2.230833333333333428e+02
2.234722222222222285e+02
2.239166666666666572e+02
2.240277777777777715e+02
2.246388888888888857e+02
2.243055555555555429e+02
2.245833333333333428e+02
2.209444444444444571e+02
2.177222222222222285e+02
2.116944444444444571e+02
2.080555555555555429e+02
2.028611111111111143e+02
2.011666666666666572e+02
1.973611111111111143e+02
1.940555555555555429e+02
1.936388888888888857e+02
1.987222222222222285e+02
2.039444444444444571e+02
2.095277777777777715e+02
2.176111111111111143e+02
2.239166666666666572e+02
2.246666666666666572e+02
2.248888888888888857e+02
2.250000000000000000e+02
2.250000000000000000e+02
2.250277777777777715e+02
2.249166666666666572e+02
2.244444444444444571e+02
2.242777777777777715e+02
2.249722222222222285e+02
2.240000000000000000e+02
2.243055555555555429e+02
2.235833333333333428e+02
2.231388888888888857e+02
2.234722222222222285e+02
2.231111111111111143e+02
2.225277777777777715e+02
2.228333333333333428e+02
2.237777777777777715e+02
2.239444444444444571e+02
2.235000000000000000e+02
2.220555555555555429e+02
2.211388888888888857e+02
2.210000000000000000e+02
2.214722222222222285e+02
2.215555555555555429e+02
2.221388888888888857e+02
2.233611111111111143e+02
2.231388888888888857e+02
2.237777777777777715e+02
2.241944444444444571e+02
2.249444444444444571e+02
2.243055555555555429e+02
2.255277777777777715e+02
2.254444444444444571e+02
2.258055555555555429e+02
2.261111111111111143e+02
2.263888888888888857e+02
2.164722222222222285e+02
1.956388888888888857e+02
1.732777777777777715e+02
1.627222222222222285e+02
1.587500000000000000e+02
1.659722222222222285e+02
1.813333333333333428e+02
1.993055555555555429e+02
2.153888888888888857e+02
2.216666666666666572e+02
2.268333333333333428e+02
2.277500000000000000e+02
2.285277777777777715e+02
2.286111111111111143e+02
2.286111111111111143e+02
2.274722222222222285e+02
2.263888888888888857e+02
2.262222222222222285e+02
2.260833333333333428e+02
2.262777777777777715e+02
2.261666666666666572e+02
2.260555555555555429e+02
2.258333333333333428e+02
2.256944444444444571e+02
2.259166666666666572e+02
2.258333333333333428e+02
2.262222222222222285e+02
2.263611111111111143e+02
2.265000000000000000e+02
2.265000000000000000e+02
2.261111111111111143e+02
2.260833333333333428e+02
2.263333333333333428e+02
2.263333333333333428e+02
2.263055555555555429e+02
2.258611111111111143e+02
2.259444444444444571e+02
2.253055555555555429e+02
2.247500000000000000e+02
2.248055555555555429e+02
2.242500000000000000e+02
2.234722222222222285e+02
2.231111111111111143e+02
2.231944444444444571e+02
2.230555555555555429e+02
2.211666666666666572e+02
2.213055555555555429e+02
2.211666666666666572e+02
2.205000000000000000e+02
2.203055555555555429e+02
2.203888888888888857e+02
2.218611111111111143e+02
2.212222222222222285e+02
2.205555555555555429e+02
2.186944444444444571e+02
2.179444444444444571e+02
2.169166666666666572e+02
2.178611111111111143e+02
2.181388888888888857e+02
2.183055555555555429e+02
2.190277777777777715e+02
2.198055555555555429e+02
2.197222222222222285e+02
2.204722222222222285e+02
2.202222222222222285e+02
2.212777777777777715e+02
2.216666666666666572e+02
2.217500000000000000e+02
2.222500000000000000e+02
2.219166666666666572e+02
2.208055555555555429e+02
2.216388888888888857e+02
2.210277777777777715e+02
2.214166666666666572e+02
2.210555555555555429e+02
2.215277777777777715e+02
2.207500000000000000e+02
2.195833333333333428e+02
2.112500000000000000e+02
1.975000000000000000e+02
1.873611111111111143e+02
1.896111111111111143e+02
2.043333333333333428e+02
2.231111111111111143e+02
2.248888888888888857e+02
2.243333333333333428e+02
2.250555555555555429e+02
2.251944444444444571e+02
2.255277777777777715e+02
2.253055555555555429e+02
2.236944444444444571e+02
2.239722222222222285e+02
2.239444444444444571e+02
2.225555555555555429e+02
2.220833333333333428e+02
2.221111111111111143e+02
2.220277777777777715e+02
2.221111111111111143e+02
2.218888888888888857e+02
2.220000000000000000e+02
2.209722222222222285e+02
2.207222222222222285e+02
2.211944444444444571e+02
2.214722222222222285e+02
2.216388888888888857e+02
2.217222222222222285e+02
2.216111111111111143e+02
2.220555555555555429e+02
2.214166666666666572e+02
2.214166666666666572e+02
2.214444444444444571e+02
2.210000000000000000e+02
2.209444444444444571e+02
2.211666666666666572e+02
2.212500000000000000e+02
2.210833333333333428e+02
2.208888888888888857e+02
2.214166666666666572e+02
2.204722222222222285e+02
2.202777777777777715e+02
2.191944444444444571e+02
2.183055555555555429e+02
2.178888888888888857e+02
2.174722222222222285e+02
2.166944444444444571e+02
2.166388888888888857e+02
2.169444444444444571e+02
2.174444444444444571e+02
2.180555555555555429e+02
2.163333333333333428e+02
2.165000000000000000e+02
2.160277777777777715e+02
2.150833333333333428e+02
2.140833333333333428e+02
2.138888888888888857e+02
2.144166666666666572e+02
2.152500000000000000e+02
2.145000000000000000e+02
2.130555555555555429e+02
2.126666666666666572e+02
2.127500000000000000e+02
2.119722222222222285e+02
2.116944444444444571e+02
2.118333333333333428e+02
2.113055555555555429e+02
2.114722222222222285e+02
2.111666666666666572e+02
2.113333333333333428e+02
2.113888888888888857e+02
2.122777777777777715e+02
2.133333333333333428e+02
2.144444444444444571e+02
2.153611111111111143e+02
2.164444444444444571e+02
2.176944444444444571e+02
2.175833333333333428e+02
2.179444444444444571e+02
2.181111111111111143e+02
2.184166666666666572e+02
2.172500000000000000e+02
2.152500000000000000e+02
2.008611111111111143e+02
1.475833333333333428e+02
1.488888888888888857e+02
1.492777777777777715e+02
1.493333333333333428e+02
1.540555555555555429e+02
1.461111111111111143e+02
1.471666666666666572e+02
1.477777777777777715e+02
1.465277777777777715e+02
1.460277777777777715e+02
1.459166666666666572e+02
1.468611111111111143e+02
1.467222222222222285e+02
1.462222222222222285e+02
1.466111111111111143e+02
1.446388888888888857e+02
1.452777777777777715e+02
1.451388888888888857e+02
1.457777777777777715e+02
1.461388888888888857e+02
1.460277777777777715e+02
1.457777777777777715e+02
1.459166666666666572e+02
1.460000000000000000e+02
1.448333333333333428e+02
1.435833333333333428e+02
1.431944444444444571e+02
1.431111111111111143e+02
1.421388888888888857e+02
1.422500000000000000e+02
1.412777777777777715e+02
1.408333333333333428e+02
1.397777777777777715e+02
1.390833333333333428e+02
1.392777777777777715e+02
1.397777777777777715e+02
1.391111111111111143e+02
1.383888888888888857e+02
1.375833333333333428e+02
1.368611111111111143e+02
1.341666666666666572e+02
1.428333333333333428e+02
1.395833333333333428e+02
1.387777777777777715e+02
1.387777777777777715e+02
1.378055555555555429e+02
1.398611111111111143e+02
1.419166666666666572e+02
1.418888888888888857e+02
1.425277777777777715e+02
1.440000000000000000e+02
1.443888888888888857e+02
1.457777777777777715e+02
1.450000000000000000e+02
1.472777777777777715e+02
1.462222222222222285e+02
1.481666666666666572e+02
1.486388888888888857e+02
1.500277777777777715e+02
1.503333333333333428e+02
1.508888888888888857e+02
1.506388888888888857e+02
1.506944444444444571e+02
1.502222222222222285e+02
1.482500000000000000e+02
1.491388888888888857e+02
1.486666666666666572e+02
1.510000000000000000e+02
1.517500000000000000e+02
1.535833333333333428e+02
1.542500000000000000e+02
1.593055555555555429e+02
1.500833333333333428e+02
1.503055555555555429e+02
1.505555555555555429e+02
1.515000000000000000e+02
1.513611111111111143e+02
1.520555555555555429e+02
1.525000000000000000e+02
1.530555555555555429e+02
1.531111111111111143e+02
1.540277777777777715e+02
1.539722222222222285e+02
1.553055555555555429e+02
1.549166666666666572e+02
1.541388888888888857e+02
1.532777777777777715e+02
1.541111111111111143e+02
1.537222222222222285e+02
1.530277777777777715e+02
1.537777777777777715e+02
1.526388888888888857e+02
1.533611111111111143e+02
1.530277777777777715e+02
1.515833333333333428e+02
1.514444444444444571e+02
1.506388888888888857e+02
1.501944444444444571e+02
1.500833333333333428e+02
1.492777777777777715e+02
1.484722222222222285e+02
1.479444444444444571e+02
1.475555555555555429e+02
1.482222222222222285e+02
1.466944444444444571e+02
1.450000000000000000e+02
1.425833333333333428e+02
1.524444444444444571e+02
1.486111111111111143e+02
1.472777777777777715e+02
1.472777777777777715e+02
1.481388888888888857e+02
1.473888888888888857e+02
1.482222222222222285e+02
1.475555555555555429e+02
1.482500000000000000e+02
1.479166666666666572e+02
1.485833333333333428e+02
1.491111111111111143e+02
1.497500000000000000e+02
1.505555555555555429e+02
1.517777777777777715e+02
1.521944444444444571e+02
1.527777777777777715e+02
1.533333333333333428e+02
1.535000000000000000e+02
1.543611111111111143e+02
1.553611111111111143e+02
1.549444444444444571e+02
1.555277777777777715e+02
1.543888888888888857e+02
1.540833333333333428e+02
1.540000000000000000e+02
1.531388888888888857e+02
1.538888888888888857e+02
1.570000000000000000e+02
1.578333333333333428e+02
1.522777777777777715e+02
1.543888888888888857e+02
1.539722222222222285e+02
1.544722222222222285e+02
1.545555555555555429e+02
1.531111111111111143e+02
1.530555555555555429e+02
1.531666666666666572e+02
1.519166666666666572e+02
1.526111111111111143e+02
1.522222222222222285e+02
1.540000000000000000e+02
1.521666666666666572e+02
1.524722222222222285e+02
1.537777777777777715e+02
1.538055555555555429e+02
1.529166666666666572e+02
1.530277777777777715e+02
1.520277777777777715e+02
1.514444444444444571e+02
1.518611111111111143e+02
1.508611111111111143e+02
1.505277777777777715e+02
1.496666666666666572e+02
1.505000000000000000e+02
1.505277777777777715e+02
1.501388888888888857e+02
1.501388888888888857e+02
1.497500000000000000e+02
1.487500000000000000e+02
1.477222222222222285e+02
1.481666666666666572e+02
1.470555555555555429e+02
1.465277777777777715e+02
1.403055555555555429e+02
1.806944444444444571e+02
2.184166666666666572e+02
2.178333333333333428e+02
2.178333333333333428e+02
2.163055555555555429e+02
2.139166666666666572e+02
2.138611111111111143e+02
2.154722222222222285e+02
2.163888888888888857e+02
2.168055555555555429e+02
2.159444444444444571e+02
2.150000000000000000e+02
2.134166666666666572e+02
2.127222222222222285e+02
2.129444444444444571e+02
2.131388888888888857e+02
2.143333333333333428e+02
2.162500000000000000e+02
2.182777777777777715e+02
2.189444444444444571e+02
2.191388888888888857e+02
2.198611111111111143e+02
2.196944444444444571e+02
2.195000000000000000e+02
2.200833333333333428e+02
2.199722222222222285e+02
2.195833333333333428e+02
2.205277777777777715e+02
2.208611111111111143e+02
2.211666666666666572e+02
2.215000000000000000e+02
2.212222222222222285e+02
1.798333333333333428e+02
1.530000000000000000e+02
1.518333333333333428e+02
1.521111111111111143e+02
1.530555555555555429e+02
1.527777777777777715e+02
1.536111111111111143e+02
1.542500000000000000e+02
1.548333333333333428e+02
1.544444444444444571e+02
1.542500000000000000e+02
1.541944444444444571e+02
1.549444444444444571e+02
1.545000000000000000e+02
1.553333333333333428e+02
1.564166666666666572e+02
1.532777777777777715e+02
1.526944444444444571e+02
1.509722222222222285e+02
1.513888888888888857e+02
1.524722222222222285e+02
1.527777777777777715e+02
1.526944444444444571e+02
1.530833333333333428e+02
1.523055555555555429e+02
1.518888888888888857e+02
1.510000000000000000e+02
1.506388888888888857e+02
1.491944444444444571e+02
1.518333333333333428e+02
1.548055555555555429e+02
1.535000000000000000e+02
1.505277777777777715e+02
1.497777777777777715e+02
1.492500000000000000e+02
1.493888888888888857e+02
1.483888888888888857e+02
1.471388888888888857e+02
1.466388888888888857e+02
1.450000000000000000e+02
1.445000000000000000e+02
1.435555555555555429e+02
1.440277777777777715e+02
1.439722222222222285e+02
1.427222222222222285e+02
1.426388888888888857e+02
1.423611111111111143e+02
1.424444444444444571e+02
1.441111111111111143e+02
1.447777777777777715e+02
1.466944444444444571e+02
1.476944444444444571e+02
1.492500000000000000e+02
1.493888888888888857e+02
1.497500000000000000e+02
1.497777777777777715e+02
1.501111111111111143e+02
1.513333333333333428e+02
1.522500000000000000e+02
1.528888888888888857e+02
1.534444444444444571e+02
1.545000000000000000e+02
1.552222222222222285e+02
1.548333333333333428e+02
1.547222222222222285e+02
1.555833333333333428e+02
1.543888888888888857e+02
1.549722222222222285e+02
1.544722222222222285e+02
1.554444444444444571e+02
1.546666666666666572e+02
1.541666666666666572e+02
1.540555555555555429e+02
1.548333333333333428e+02
1.782777777777777715e+02
2.094722222222222285e+02
2.232777777777777715e+02
2.235000000000000000e+02
2.236388888888888857e+02
2.239166666666666572e+02
2.235277777777777715e+02
2.228333333333333428e+02
2.228611111111111143e+02
2.223333333333333428e+02
2.223055555555555429e+02
2.225833333333333428e+02
2.223055555555555429e+02
2.219722222222222285e+02
2.219444444444444571e+02
2.216111111111111143e+02
2.214722222222222285e+02
2.212777777777777715e+02
2.203611111111111143e+02
2.192222222222222285e+02
2.186388888888888857e+02
2.177777777777777715e+02
2.165000000000000000e+02
2.166944444444444571e+02
2.154722222222222285e+02
2.153055555555555429e+02
2.152500000000000000e+02
2.150833333333333428e+02
2.158055555555555429e+02
2.155000000000000000e+02
2.168333333333333428e+02
2.160000000000000000e+02
2.146111111111111143e+02
2.138055555555555429e+02
2.133611111111111143e+02
2.120000000000000000e+02
2.128611111111111143e+02
2.130555555555555429e+02
2.140277777777777715e+02
2.140000000000000000e+02
2.150000000000000000e+02
2.150833333333333428e+02
2.158611111111111143e+02
2.162777777777777715e+02
2.171944444444444571e+02
2.178333333333333428e+02
2.183055555555555429e+02
2.184444444444444571e+02
2.187777777777777715e+02
2.193888888888888857e+02
2.194166666666666572e+02
2.192777777777777715e+02
2.188888888888888857e+02
2.183888888888888857e+02
2.166944444444444571e+02
2.173611111111111143e+02
2.173888888888888857e+02
2.186666666666666572e+02
2.192222222222222285e+02
2.212500000000000000e+02
2.219166666666666572e+02
2.208611111111111143e+02
2.201944444444444571e+02
2.206388888888888857e+02
2.203055555555555429e+02
2.202777777777777715e+02
2.211388888888888857e+02
2.208611111111111143e+02
2.204444444444444571e+02
2.206666666666666572e+02
2.210277777777777715e+02
2.221944444444444571e+02
2.211666666666666572e+02
2.215833333333333428e+02
2.216111111111111143e+02
2.210000000000000000e+02
2.202500000000000000e+02
2.203055555555555429e+02
2.191111111111111143e+02
2.184444444444444571e+02
2.180277777777777715e+02
2.179166666666666572e+02
2.175833333333333428e+02
2.174166666666666572e+02
2.166666666666666572e+02
2.167777777777777715e+02
2.167777777777777715e+02
2.165833333333333428e+02
2.164166666666666572e+02
2.155833333333333428e+02
2.151388888888888857e+02
2.149166666666666572e+02
2.135555555555555429e+02
2.119444444444444571e+02
2.120000000000000000e+02
2.109444444444444571e+02
2.109722222222222285e+02
2.106666666666666572e+02
2.094444444444444571e+02
2.089444444444444571e+02
2.096666666666666572e+02
2.115277777777777715e+02
2.112222222222222285e+02
2.085833333333333428e+02
2.072222222222222285e+02
2.063888888888888857e+02
2.066388888888888857e+02
2.066388888888888857e+02
2.064166666666666572e+02
2.059722222222222285e+02
2.064166666666666572e+02
2.074444444444444571e+02
2.075277777777777715e+02
2.083611111111111143e+02
2.088888888888888857e+02
2.098888888888888857e+02
2.111388888888888857e+02
2.118055555555555429e+02
2.123055555555555429e+02
1.741944444444444571e+02
1.434722222222222285e+02
1.430000000000000000e+02
1.431666666666666572e+02
1.431666666666666572e+02
1.425833333333333428e+02
1.445555555555555429e+02
1.438888888888888857e+02
1.439444444444444571e+02
1.442222222222222285e+02
1.458055555555555429e+02
1.436388888888888857e+02
1.405000000000000000e+02
1.432500000000000000e+02
1.434166666666666572e+02
1.434722222222222285e+02
1.447777777777777715e+02
1.448611111111111143e+02
1.450277777777777715e+02
1.444722222222222285e+02
1.455000000000000000e+02
1.460000000000000000e+02
1.448611111111111143e+02
1.453333333333333428e+02
1.443333333333333428e+02
1.441944444444444571e+02
1.443055555555555429e+02
1.436111111111111143e+02
1.444166666666666572e+02
1.432222222222222285e+02
1.438611111111111143e+02
1.437222222222222285e+02
1.419444444444444571e+02
1.418611111111111143e+02
1.425833333333333428e+02
1.407500000000000000e+02
1.402500000000000000e+02
1.393333333333333428e+02
1.381388888888888857e+02
1.369722222222222285e+02
1.374722222222222285e+02
1.373611111111111143e+02
1.365833333333333428e+02
1.368888888888888857e+02
1.357500000000000000e+02
1.360277777777777715e+02
1.345277777777777715e+02
1.421666666666666572e+02
1.383611111111111143e+02
1.373888888888888857e+02
1.374166666666666572e+02
1.377777777777777715e+02
1.390833333333333428e+02
1.390833333333333428e+02
1.390555555555555429e+02
1.384166666666666572e+02
1.386944444444444571e+02
1.381666666666666572e+02
1.387222222222222285e+02
1.407500000000000000e+02
1.418333333333333428e+02
1.428611111111111143e+02
1.432777777777777715e+02
1.456111111111111143e+02
1.453055555555555429e+02
1.466666666666666572e+02
1.465833333333333428e+02
1.472777777777777715e+02
1.470555555555555429e+02
1.478611111111111143e+02
1.485277777777777715e+02
1.486388888888888857e+02
1.488055555555555429e+02
1.496388888888888857e+02
1.503333333333333428e+02
1.504166666666666572e+02
1.542777777777777715e+02
1.464166666666666572e+02
1.478888888888888857e+02
1.488055555555555429e+02
1.501944444444444571e+02
1.496666666666666572e+02
1.505277777777777715e+02
1.505833333333333428e+02
1.515277777777777715e+02
1.519444444444444571e+02
1.515000000000000000e+02
1.513611111111111143e+02
1.500833333333333428e+02
1.496111111111111143e+02
1.493611111111111143e+02
1.490555555555555429e+02
1.489722222222222285e+02
1.479166666666666572e+02
1.485833333333333428e+02
1.480833333333333428e+02
1.469444444444444571e+02
1.471388888888888857e+02
1.476388888888888857e+02
1.463055555555555429e+02
1.460000000000000000e+02
1.453055555555555429e+02
1.446666666666666572e+02
1.447222222222222285e+02
1.440555555555555429e+02
1.430555555555555429e+02
1.430833333333333428e+02
1.434166666666666572e+02
1.437777777777777715e+02
1.441111111111111143e+02
1.448888888888888857e+02
1.436388888888888857e+02
1.462777777777777715e+02
1.437222222222222285e+02
1.507222222222222285e+02
1.481388888888888857e+02
1.488611111111111143e+02
1.471944444444444571e+02
1.510833333333333428e+02
1.519166666666666572e+02
1.518888888888888857e+02
1.517222222222222285e+02
1.518888888888888857e+02
1.525555555555555429e+02
1.537222222222222285e+02
1.542222222222222285e+02
1.548611111111111143e+02
1.549166666666666572e+02
1.558333333333333428e+02
1.566388888888888857e+02
1.559722222222222285e+02
1.578611111111111143e+02
1.580555555555555429e+02
1.553888888888888857e+02
1.568888888888888857e+02
1.561388888888888857e+02
1.572500000000000000e+02
1.572777777777777715e+02
1.556388888888888857e+02
1.558888888888888857e+02
1.554722222222222285e+02
1.558888888888888857e+02
1.581111111111111143e+02
1.490833333333333428e+02
1.500833333333333428e+02
1.475555555555555429e+02
1.481944444444444571e+02
1.481388888888888857e+02
1.424444444444444571e+02
1.428055555555555429e+02
1.424166666666666572e+02
1.396111111111111143e+02
1.397500000000000000e+02
1.394166666666666572e+02
1.425000000000000000e+02
1.434722222222222285e+02
1.432222222222222285e+02
1.459722222222222285e+02
1.456388888888888857e+02
1.459444444444444571e+02
1.479444444444444571e+02
1.474166666666666572e+02
1.465000000000000000e+02
1.488055555555555429e+02
1.489166666666666572e+02
1.481666666666666572e+02
1.522222222222222285e+02
1.516944444444444571e+02
1.506388888888888857e+02
1.569722222222222285e+02
1.563888888888888857e+02
1.552777777777777715e+02
1.461388888888888857e+02
1.466944444444444571e+02
1.466388888888888857e+02
1.468333333333333428e+02
1.458888888888888857e+02
1.460277777777777715e+02
1.462500000000000000e+02
1.441111111111111143e+02
1.538333333333333428e+02
1.521111111111111143e+02
1.494722222222222285e+02
1.494444444444444571e+02
1.494444444444444571e+02
1.488055555555555429e+02
1.503888888888888857e+02
1.496111111111111143e+02
1.508333333333333428e+02
1.513055555555555429e+02
1.528888888888888857e+02
1.541111111111111143e+02
1.557222222222222285e+02
1.562222222222222285e+02
1.715277777777777715e+02
2.171944444444444571e+02
2.243333333333333428e+02
2.246388888888888857e+02
2.242222222222222285e+02
2.236944444444444571e+02
2.229444444444444571e+02
2.227500000000000000e+02
2.223611111111111143e+02
2.236111111111111143e+02
2.245555555555555429e+02
2.249722222222222285e+02
2.247500000000000000e+02
2.243055555555555429e+02
2.246666666666666572e+02
2.230000000000000000e+02
2.229722222222222285e+02
2.229722222222222285e+02
2.242500000000000000e+02
2.239166666666666572e+02
2.248611111111111143e+02
2.238055555555555429e+02
2.240000000000000000e+02
2.249444444444444571e+02
2.218333333333333428e+02
1.822500000000000000e+02
1.742222222222222285e+02
1.783888888888888857e+02
1.897222222222222285e+02
1.781666666666666572e+02
1.574722222222222285e+02
1.576944444444444571e+02
1.558888888888888857e+02
1.554166666666666572e+02
1.549722222222222285e+02
1.557500000000000000e+02
1.551111111111111143e+02
1.557222222222222285e+02
1.547222222222222285e+02
1.554444444444444571e+02
1.552500000000000000e+02
1.549444444444444571e+02
1.540833333333333428e+02
1.582222222222222285e+02
1.561111111111111143e+02
1.550000000000000000e+02
1.542500000000000000e+02
1.538611111111111143e+02
1.530833333333333428e+02
1.518055555555555429e+02
1.518055555555555429e+02
1.523611111111111143e+02
1.516388888888888857e+02
1.505833333333333428e+02
1.511111111111111143e+02
1.518888888888888857e+02
1.587777777777777715e+02
1.593888888888888857e+02
1.605833333333333428e+02
1.621944444444444571e+02
1.655277777777777715e+02
1.676111111111111143e+02
1.661944444444444571e+02
1.659722222222222285e+02
1.660000000000000000e+02
1.647222222222222285e+02
1.653888888888888857e+02
1.674444444444444571e+02
1.599722222222222285e+02
1.615000000000000000e+02
1.615555555555555429e+02
1.622222222222222285e+02
1.614166666666666572e+02
1.621111111111111143e+02
1.619444444444444571e+02
1.626944444444444571e+02
1.633611111111111143e+02
1.628888888888888857e+02
1.642222222222222285e+02
1.635000000000000000e+02
1.633611111111111143e+02
1.629444444444444571e+02
