2.172222222222222285e+02
2.170277777777777715e+02
2.115833333333333428e+02
2.113055555555555429e+02
2.119722222222222285e+02
2.074444444444444571e+02
2.075555555555555429e+02
2.076388888888888857e+02
1.987777777777777715e+02
1.991666666666666572e+02
1.992222222222222285e+02
1.904722222222222285e+02
1.901111111111111143e+02
1.895277777777777715e+02
1.779722222222222285e+02
1.787222222222222285e+02
1.782777777777777715e+02
1.687222222222222285e+02
1.686111111111111143e+02
1.680277777777777715e+02
1.635000000000000000e+02
1.636666666666666572e+02
1.637222222222222285e+02
1.595555555555555429e+02
1.584166666666666572e+02
1.588888888888888857e+02
2.098611111111111143e+02
2.251666666666666572e+02
2.252500000000000000e+02
2.225555555555555429e+02
2.223055555555555429e+02
2.228888888888888857e+02
2.223611111111111143e+02
2.223055555555555429e+02
2.218333333333333428e+02
2.199722222222222285e+02
2.194444444444444571e+02
2.196944444444444571e+02
2.193333333333333428e+02
2.191944444444444571e+02
2.192222222222222285e+02
2.189722222222222285e+02
2.190555555555555429e+02
2.191666666666666572e+02
2.190277777777777715e+02
2.188888888888888857e+02
2.190555555555555429e+02
2.185555555555555429e+02
2.187222222222222285e+02
2.182777777777777715e+02
2.177222222222222285e+02
2.181666666666666572e+02
2.178333333333333428e+02
2.179444444444444571e+02
2.179722222222222285e+02
2.179166666666666572e+02
2.173055555555555429e+02
2.172777777777777715e+02
2.176666666666666572e+02
2.175833333333333428e+02
2.178888888888888857e+02
2.175277777777777715e+02
2.173611111111111143e+02
2.176388888888888857e+02
2.177777777777777715e+02
2.174166666666666572e+02
2.177777777777777715e+02
2.180277777777777715e+02
2.173888888888888857e+02
2.180000000000000000e+02
2.183055555555555429e+02
2.185555555555555429e+02
2.186666666666666572e+02
2.185277777777777715e+02
2.182500000000000000e+02
2.184444444444444571e+02
2.180555555555555429e+02
2.181388888888888857e+02
2.178888888888888857e+02
2.181388888888888857e+02
2.181944444444444571e+02
2.180555555555555429e+02
2.173611111111111143e+02
2.174444444444444571e+02
2.171388888888888857e+02
2.171666666666666572e+02
2.170000000000000000e+02
2.172777777777777715e+02
2.176944444444444571e+02
2.178055555555555429e+02
2.175833333333333428e+02
2.172777777777777715e+02
2.172777777777777715e+02
2.168055555555555429e+02
2.167777777777777715e+02
2.169444444444444571e+02
2.175277777777777715e+02
2.188888888888888857e+02
2.198888888888888857e+02
2.204166666666666572e+02
2.210277777777777715e+02
2.203611111111111143e+02
2.199444444444444571e+02
2.200277777777777715e+02
2.190833333333333428e+02
2.191111111111111143e+02
2.186111111111111143e+02
2.187777777777777715e+02
2.187222222222222285e+02
2.187222222222222285e+02
2.188611111111111143e+02
2.190000000000000000e+02
2.197500000000000000e+02
2.196111111111111143e+02
2.194166666666666572e+02
2.199166666666666572e+02
2.200833333333333428e+02
2.201388888888888857e+02
2.213333333333333428e+02
2.206388888888888857e+02
2.208333333333333428e+02
2.205555555555555429e+02
2.204166666666666572e+02
2.198888888888888857e+02
2.193055555555555429e+02
2.178888888888888857e+02
2.175277777777777715e+02
2.187222222222222285e+02
2.200555555555555429e+02
2.204722222222222285e+02
2.211111111111111143e+02
2.220555555555555429e+02
2.230277777777777715e+02
2.237222222222222285e+02
2.236388888888888857e+02
2.235277777777777715e+02
2.237222222222222285e+02
2.236111111111111143e+02
2.239722222222222285e+02
2.235277777777777715e+02
2.235833333333333428e+02
2.241111111111111143e+02
2.238888888888888857e+02
2.236388888888888857e+02
2.240555555555555429e+02
2.240277777777777715e+02
2.240833333333333428e+02
2.235277777777777715e+02
2.236944444444444571e+02
2.236944444444444571e+02
2.235000000000000000e+02
2.239166666666666572e+02
2.243333333333333428e+02
2.243611111111111143e+02
2.250555555555555429e+02
2.255277777777777715e+02
2.251666666666666572e+02
2.255833333333333428e+02
2.251944444444444571e+02
2.253611111111111143e+02
2.249722222222222285e+02
2.251666666666666572e+02
2.250555555555555429e+02
2.250000000000000000e+02
2.251944444444444571e+02
2.245555555555555429e+02
2.242500000000000000e+02
2.242222222222222285e+02
2.240277777777777715e+02
2.239722222222222285e+02
2.245277777777777715e+02
2.243055555555555429e+02
2.245555555555555429e+02
2.244444444444444571e+02
2.233888888888888857e+02
2.230833333333333428e+02
2.228333333333333428e+02
2.222222222222222285e+02
2.216666666666666572e+02
2.208333333333333428e+02
2.196666666666666572e+02
2.186666666666666572e+02
2.180555555555555429e+02
2.183611111111111143e+02
2.181944444444444571e+02
2.186944444444444571e+02
2.188333333333333428e+02
2.192777777777777715e+02
2.198888888888888857e+02
2.197777777777777715e+02
2.195277777777777715e+02
2.196388888888888857e+02
2.206944444444444571e+02
2.206666666666666572e+02
2.210277777777777715e+02
2.209166666666666572e+02
2.209444444444444571e+02
2.213611111111111143e+02
2.208055555555555429e+02
2.211388888888888857e+02
2.212500000000000000e+02
2.210555555555555429e+02
2.210833333333333428e+02
2.213611111111111143e+02
2.208055555555555429e+02
2.211666666666666572e+02
2.211388888888888857e+02
2.210277777777777715e+02
2.214444444444444571e+02
2.216388888888888857e+02
2.217777777777777715e+02
2.217500000000000000e+02
2.214722222222222285e+02
2.215277777777777715e+02
2.216666666666666572e+02
2.218888888888888857e+02
2.214444444444444571e+02
2.211111111111111143e+02
2.213333333333333428e+02
2.213333333333333428e+02
2.210555555555555429e+02
2.215833333333333428e+02
2.218611111111111143e+02
2.218333333333333428e+02
2.224722222222222285e+02
2.221388888888888857e+02
2.220833333333333428e+02
2.220277777777777715e+02
2.218888888888888857e+02
2.219166666666666572e+02
2.213055555555555429e+02
2.207777777777777715e+02
2.200000000000000000e+02
2.197777777777777715e+02
2.194166666666666572e+02
2.189444444444444571e+02
2.198333333333333428e+02
2.202500000000000000e+02
2.206666666666666572e+02
2.215833333333333428e+02
2.222222222222222285e+02
2.221944444444444571e+02
2.228055555555555429e+02
2.234166666666666572e+02
2.238611111111111143e+02
2.246944444444444571e+02
2.248888888888888857e+02
2.245555555555555429e+02
2.250277777777777715e+02
2.249444444444444571e+02
2.252500000000000000e+02
2.253611111111111143e+02
2.250833333333333428e+02
2.249444444444444571e+02
2.251944444444444571e+02
2.250555555555555429e+02
2.249722222222222285e+02
2.249166666666666572e+02
2.248611111111111143e+02
2.250277777777777715e+02
2.254722222222222285e+02
2.251388888888888857e+02
2.251388888888888857e+02
2.248611111111111143e+02
2.249166666666666572e+02
2.248611111111111143e+02
2.251666666666666572e+02
2.250277777777777715e+02
2.253055555555555429e+02
2.256388888888888857e+02
2.251944444444444571e+02
2.249166666666666572e+02
2.252500000000000000e+02
2.248333333333333428e+02
2.248611111111111143e+02
2.251944444444444571e+02
2.247222222222222285e+02
2.246666666666666572e+02
2.244444444444444571e+02
2.246666666666666572e+02
2.246111111111111143e+02
2.246111111111111143e+02
2.235000000000000000e+02
2.221666666666666572e+02
2.217222222222222285e+02
2.205833333333333428e+02
2.201944444444444571e+02
2.197500000000000000e+02
2.188055555555555429e+02
2.183333333333333428e+02
2.177777777777777715e+02
2.183055555555555429e+02
2.180833333333333428e+02
2.184166666666666572e+02
2.190277777777777715e+02
2.188611111111111143e+02
2.190555555555555429e+02
2.194722222222222285e+02
2.193055555555555429e+02
2.196944444444444571e+02
2.206388888888888857e+02
2.207222222222222285e+02
2.207777777777777715e+02
2.211944444444444571e+02
2.214166666666666572e+02
2.213888888888888857e+02
2.215277777777777715e+02
2.216388888888888857e+02
2.220000000000000000e+02
2.219166666666666572e+02
2.215833333333333428e+02
2.213611111111111143e+02
2.211666666666666572e+02
2.208333333333333428e+02
2.211111111111111143e+02
2.209166666666666572e+02
2.208611111111111143e+02
2.208888888888888857e+02
2.208888888888888857e+02
2.209722222222222285e+02
2.207500000000000000e+02
2.215000000000000000e+02
2.215555555555555429e+02
2.216666666666666572e+02
2.219166666666666572e+02
2.211666666666666572e+02
2.210277777777777715e+02
2.211666666666666572e+02
2.211111111111111143e+02
2.211666666666666572e+02
2.213333333333333428e+02
2.215833333333333428e+02
2.220555555555555429e+02
2.217777777777777715e+02
2.222222222222222285e+02
2.221388888888888857e+02
2.221944444444444571e+02
2.216388888888888857e+02
2.215000000000000000e+02
2.208888888888888857e+02
2.203055555555555429e+02
2.196666666666666572e+02
2.194722222222222285e+02
2.192222222222222285e+02
2.189166666666666572e+02
2.191388888888888857e+02
2.195833333333333428e+02
2.205277777777777715e+02
2.208888888888888857e+02
2.210555555555555429e+02
2.211111111111111143e+02
2.213611111111111143e+02
2.216388888888888857e+02
2.217777777777777715e+02
2.216666666666666572e+02
2.227500000000000000e+02
2.240000000000000000e+02
2.255277777777777715e+02
2.254166666666666572e+02
2.255000000000000000e+02
2.253055555555555429e+02
2.249166666666666572e+02
2.250555555555555429e+02
2.249444444444444571e+02
2.248611111111111143e+02
2.245555555555555429e+02
2.248611111111111143e+02
2.249722222222222285e+02
2.248333333333333428e+02
2.252777777777777715e+02
2.249444444444444571e+02
2.251388888888888857e+02
2.250555555555555429e+02
2.249444444444444571e+02
2.251944444444444571e+02
2.255555555555555429e+02
2.254722222222222285e+02
2.253611111111111143e+02
2.259166666666666572e+02
2.255277777777777715e+02
2.258055555555555429e+02
2.256388888888888857e+02
2.255555555555555429e+02
2.256388888888888857e+02
2.255833333333333428e+02
2.256666666666666572e+02
2.250555555555555429e+02
2.257777777777777715e+02
2.254444444444444571e+02
2.254166666666666572e+02
2.255277777777777715e+02
2.250277777777777715e+02
2.246944444444444571e+02
2.243333333333333428e+02
2.240555555555555429e+02
2.234444444444444571e+02
2.236666666666666572e+02
2.233333333333333428e+02
2.226666666666666572e+02
2.222500000000000000e+02
2.223888888888888857e+02
2.221666666666666572e+02
2.216666666666666572e+02
2.214722222222222285e+02
2.213333333333333428e+02
2.214166666666666572e+02
2.207777777777777715e+02
2.205277777777777715e+02
2.201944444444444571e+02
2.191388888888888857e+02
2.182777777777777715e+02
2.180555555555555429e+02
2.181111111111111143e+02
2.176388888888888857e+02
2.171944444444444571e+02
2.175277777777777715e+02
2.182777777777777715e+02
2.185000000000000000e+02
2.188055555555555429e+02
2.192500000000000000e+02
2.195277777777777715e+02
2.199722222222222285e+02
2.201111111111111143e+02
2.201111111111111143e+02
2.202777777777777715e+02
2.204166666666666572e+02
2.203888888888888857e+02
2.210277777777777715e+02
2.211111111111111143e+02
2.212222222222222285e+02
2.215277777777777715e+02
2.215000000000000000e+02
2.218333333333333428e+02
2.214722222222222285e+02
2.214722222222222285e+02
2.215555555555555429e+02
2.215833333333333428e+02
2.213888888888888857e+02
2.211944444444444571e+02
2.216111111111111143e+02
2.215277777777777715e+02
2.217222222222222285e+02
2.217500000000000000e+02
2.213055555555555429e+02
2.217222222222222285e+02
2.214166666666666572e+02
2.209166666666666572e+02
2.208333333333333428e+02
2.210833333333333428e+02
2.209722222222222285e+02
2.211111111111111143e+02
2.213055555555555429e+02
2.216111111111111143e+02
2.219444444444444571e+02
2.223333333333333428e+02
2.222222222222222285e+02
2.223611111111111143e+02
2.218611111111111143e+02
2.219444444444444571e+02
2.225277777777777715e+02
2.221388888888888857e+02
2.219166666666666572e+02
2.214722222222222285e+02
2.209722222222222285e+02
2.206944444444444571e+02
2.206111111111111143e+02
2.200277777777777715e+02
2.200000000000000000e+02
2.196388888888888857e+02
2.192777777777777715e+02
2.193611111111111143e+02
2.194444444444444571e+02
2.200277777777777715e+02
2.199722222222222285e+02
2.205555555555555429e+02
2.216388888888888857e+02
2.213611111111111143e+02
2.221666666666666572e+02
2.235833333333333428e+02
2.249722222222222285e+02
2.248333333333333428e+02
2.248611111111111143e+02
2.241111111111111143e+02
2.245000000000000000e+02
2.248611111111111143e+02
2.248888888888888857e+02
2.249722222222222285e+02
2.249444444444444571e+02
2.249166666666666572e+02
2.252777777777777715e+02
2.250555555555555429e+02
2.250000000000000000e+02
2.251388888888888857e+02
2.251666666666666572e+02
2.255833333333333428e+02
2.253611111111111143e+02
2.254444444444444571e+02
2.250000000000000000e+02
2.249166666666666572e+02
2.246111111111111143e+02
2.249166666666666572e+02
2.248333333333333428e+02
2.242500000000000000e+02
2.240833333333333428e+02
2.239722222222222285e+02
2.240833333333333428e+02
2.243055555555555429e+02
2.246111111111111143e+02
2.245555555555555429e+02
2.247222222222222285e+02
2.248055555555555429e+02
2.246666666666666572e+02
2.248333333333333428e+02
2.246944444444444571e+02
2.250277777777777715e+02
2.248055555555555429e+02
2.248888888888888857e+02
2.250277777777777715e+02
2.244444444444444571e+02
2.239722222222222285e+02
2.231111111111111143e+02
2.219722222222222285e+02
2.206666666666666572e+02
2.203333333333333428e+02
2.196666666666666572e+02
2.193888888888888857e+02
2.190555555555555429e+02
2.174166666666666572e+02
2.172777777777777715e+02
2.168333333333333428e+02
2.167777777777777715e+02
2.175555555555555429e+02
2.178333333333333428e+02
2.191944444444444571e+02
2.198611111111111143e+02
2.195833333333333428e+02
2.203888888888888857e+02
2.211944444444444571e+02
2.207500000000000000e+02
2.209166666666666572e+02
2.216388888888888857e+02
2.221944444444444571e+02
2.220000000000000000e+02
2.225555555555555429e+02
2.227222222222222285e+02
2.221111111111111143e+02
2.229166666666666572e+02
2.225833333333333428e+02
2.224444444444444571e+02
2.218888888888888857e+02
2.214166666666666572e+02
2.210833333333333428e+02
2.208611111111111143e+02
2.207500000000000000e+02
2.208055555555555429e+02
2.210833333333333428e+02
2.213611111111111143e+02
2.209444444444444571e+02
2.217777777777777715e+02
2.216666666666666572e+02
2.214444444444444571e+02
2.219444444444444571e+02
2.215000000000000000e+02
2.216111111111111143e+02
2.212500000000000000e+02
2.208611111111111143e+02
2.205555555555555429e+02
2.204166666666666572e+02
2.203888888888888857e+02
2.201666666666666572e+02
2.200000000000000000e+02
2.201388888888888857e+02
2.201111111111111143e+02
2.203611111111111143e+02
2.209722222222222285e+02
2.208055555555555429e+02
2.210277777777777715e+02
2.215833333333333428e+02
2.217500000000000000e+02
2.221388888888888857e+02
2.224722222222222285e+02
2.222222222222222285e+02
2.224722222222222285e+02
2.233888888888888857e+02
2.248611111111111143e+02
2.253055555555555429e+02
2.255277777777777715e+02
2.251944444444444571e+02
2.253333333333333428e+02
2.250000000000000000e+02
2.249444444444444571e+02
2.248611111111111143e+02
2.252222222222222285e+02
2.249722222222222285e+02
2.249722222222222285e+02
2.247500000000000000e+02
2.250000000000000000e+02
2.251944444444444571e+02
2.252500000000000000e+02
2.250000000000000000e+02
2.250277777777777715e+02
2.250277777777777715e+02
2.254166666666666572e+02
2.254166666666666572e+02
2.256666666666666572e+02
2.258055555555555429e+02
2.256388888888888857e+02
2.250277777777777715e+02
2.250000000000000000e+02
2.250555555555555429e+02
2.251111111111111143e+02
2.250277777777777715e+02
2.256388888888888857e+02
2.258611111111111143e+02
2.253333333333333428e+02
2.256111111111111143e+02
2.255000000000000000e+02
2.251111111111111143e+02
2.250000000000000000e+02
2.250000000000000000e+02
2.244722222222222285e+02
2.245277777777777715e+02
2.244444444444444571e+02
2.230833333333333428e+02
2.223333333333333428e+02
2.220277777777777715e+02
2.213611111111111143e+02
2.211388888888888857e+02
2.206944444444444571e+02
2.195000000000000000e+02
2.187777777777777715e+02
2.180555555555555429e+02
2.173333333333333428e+02
2.171111111111111143e+02
2.180277777777777715e+02
2.180555555555555429e+02
2.192222222222222285e+02
2.198333333333333428e+02
2.197500000000000000e+02
2.198055555555555429e+02
2.205277777777777715e+02
2.208333333333333428e+02
2.203888888888888857e+02
2.204722222222222285e+02
2.204166666666666572e+02
2.203611111111111143e+02
2.205000000000000000e+02
2.210555555555555429e+02
2.209444444444444571e+02
2.210555555555555429e+02
2.211944444444444571e+02
2.215000000000000000e+02
2.215277777777777715e+02
2.220277777777777715e+02
2.218611111111111143e+02
2.217222222222222285e+02
2.215555555555555429e+02
2.211388888888888857e+02
2.214444444444444571e+02
2.213611111111111143e+02
2.216666666666666572e+02
2.216944444444444571e+02
2.215833333333333428e+02
2.218333333333333428e+02
2.221388888888888857e+02
2.222500000000000000e+02
2.225833333333333428e+02
2.231111111111111143e+02
2.234722222222222285e+02
2.235000000000000000e+02
2.230277777777777715e+02
2.229444444444444571e+02
2.229444444444444571e+02
2.219166666666666572e+02
2.208888888888888857e+02
2.200000000000000000e+02
2.209166666666666572e+02
2.210277777777777715e+02
2.218888888888888857e+02
2.225555555555555429e+02
2.227500000000000000e+02
2.231666666666666572e+02
2.244444444444444571e+02
2.255555555555555429e+02
2.251111111111111143e+02
2.251944444444444571e+02
2.252500000000000000e+02
2.249444444444444571e+02
2.246388888888888857e+02
2.249444444444444571e+02
2.250555555555555429e+02
2.246111111111111143e+02
2.249166666666666572e+02
2.249444444444444571e+02
2.248055555555555429e+02
2.251666666666666572e+02
2.243333333333333428e+02
2.244722222222222285e+02
2.246944444444444571e+02
2.240277777777777715e+02
2.239166666666666572e+02
2.243611111111111143e+02
2.246388888888888857e+02
2.246666666666666572e+02
2.249444444444444571e+02
2.250555555555555429e+02
2.249444444444444571e+02
2.248333333333333428e+02
2.249444444444444571e+02
2.244722222222222285e+02
2.243888888888888857e+02
2.239444444444444571e+02
2.243055555555555429e+02
2.241111111111111143e+02
2.241388888888888857e+02
2.237500000000000000e+02
2.220000000000000000e+02
2.208888888888888857e+02
2.203888888888888857e+02
2.203888888888888857e+02
2.193611111111111143e+02
2.190277777777777715e+02
2.182500000000000000e+02
2.175555555555555429e+02
2.173333333333333428e+02
2.177500000000000000e+02
2.182222222222222285e+02
2.191666666666666572e+02
2.197500000000000000e+02
2.202222222222222285e+02
2.201666666666666572e+02
2.201388888888888857e+02
2.205555555555555429e+02
2.207222222222222285e+02
2.211944444444444571e+02
2.214166666666666572e+02
2.215277777777777715e+02
2.215000000000000000e+02
2.217222222222222285e+02
2.216944444444444571e+02
2.212777777777777715e+02
2.209444444444444571e+02
2.210277777777777715e+02
2.213333333333333428e+02
2.218333333333333428e+02
2.218611111111111143e+02
2.219722222222222285e+02
2.221111111111111143e+02
2.220000000000000000e+02
2.223888888888888857e+02
2.225277777777777715e+02
2.222777777777777715e+02
2.221388888888888857e+02
2.217777777777777715e+02
2.222777777777777715e+02
2.222777777777777715e+02
2.224444444444444571e+02
2.225833333333333428e+02
2.224444444444444571e+02
2.221111111111111143e+02
2.213611111111111143e+02
2.203333333333333428e+02
2.205555555555555429e+02
2.210833333333333428e+02
2.217777777777777715e+02
2.215000000000000000e+02
2.224444444444444571e+02
2.244444444444444571e+02
2.248888888888888857e+02
2.243611111111111143e+02
2.243611111111111143e+02
2.241666666666666572e+02
2.243055555555555429e+02
2.243611111111111143e+02
2.244166666666666572e+02
2.235833333333333428e+02
2.239722222222222285e+02
2.242500000000000000e+02
2.244444444444444571e+02
2.242222222222222285e+02
2.243055555555555429e+02
2.240833333333333428e+02
2.241944444444444571e+02
2.241111111111111143e+02
2.241666666666666572e+02
2.240000000000000000e+02
2.244444444444444571e+02
2.249444444444444571e+02
2.248333333333333428e+02
2.249444444444444571e+02
2.249444444444444571e+02
2.250555555555555429e+02
2.246666666666666572e+02
2.245833333333333428e+02
2.243055555555555429e+02
2.243611111111111143e+02
2.242222222222222285e+02
2.235555555555555429e+02
2.231111111111111143e+02
2.218055555555555429e+02
2.217222222222222285e+02
2.212500000000000000e+02
2.209166666666666572e+02
2.202222222222222285e+02
2.195000000000000000e+02
2.178611111111111143e+02
2.178888888888888857e+02
2.186388888888888857e+02
2.191944444444444571e+02
2.205833333333333428e+02
2.204444444444444571e+02
2.203611111111111143e+02
2.206388888888888857e+02
2.213888888888888857e+02
2.216111111111111143e+02
2.219166666666666572e+02
2.218611111111111143e+02
2.219444444444444571e+02
2.220000000000000000e+02
2.221111111111111143e+02
2.216111111111111143e+02
2.214444444444444571e+02
2.211944444444444571e+02
2.206944444444444571e+02
2.207777777777777715e+02
2.208055555555555429e+02
2.202222222222222285e+02
2.210000000000000000e+02
2.216388888888888857e+02
2.218611111111111143e+02
2.220555555555555429e+02
2.220833333333333428e+02
2.217500000000000000e+02
2.220000000000000000e+02
2.217777777777777715e+02
2.215833333333333428e+02
2.216388888888888857e+02
2.220277777777777715e+02
2.220000000000000000e+02
2.221944444444444571e+02
2.219166666666666572e+02
2.216666666666666572e+02
2.209444444444444571e+02
2.200833333333333428e+02
2.191111111111111143e+02
2.195000000000000000e+02
2.195277777777777715e+02
2.203055555555555429e+02
2.209444444444444571e+02
2.212777777777777715e+02
2.226388888888888857e+02
2.241944444444444571e+02
2.241388888888888857e+02
2.240555555555555429e+02
2.242777777777777715e+02
2.239444444444444571e+02
2.240000000000000000e+02
2.241388888888888857e+02
2.243333333333333428e+02
2.245000000000000000e+02
2.243333333333333428e+02
2.246111111111111143e+02
2.240555555555555429e+02
2.246666666666666572e+02
2.245277777777777715e+02
2.248333333333333428e+02
2.248888888888888857e+02
2.251388888888888857e+02
2.249722222222222285e+02
2.246388888888888857e+02
2.251388888888888857e+02
2.246944444444444571e+02
2.246944444444444571e+02
2.244166666666666572e+02
2.248333333333333428e+02
2.242222222222222285e+02
2.246388888888888857e+02
2.250277777777777715e+02
2.248611111111111143e+02
2.254722222222222285e+02
2.253055555555555429e+02
2.253055555555555429e+02
2.250833333333333428e+02
2.250833333333333428e+02
2.244722222222222285e+02
