1.475833333333333428e+02
1.460555555555555429e+02
1.464166666666666572e+02
1.463888888888888857e+02
1.459444444444444571e+02
1.465555555555555429e+02
1.463333333333333428e+02
1.461944444444444571e+02
1.464166666666666572e+02
1.461388888888888857e+02
1.459166666666666572e+02
1.467777777777777715e+02
1.462777777777777715e+02
1.466388888888888857e+02
1.466944444444444571e+02
1.461944444444444571e+02
1.463055555555555429e+02
1.470555555555555429e+02
1.462500000000000000e+02
1.475555555555555429e+02
1.471388888888888857e+02
1.471944444444444571e+02
1.473055555555555429e+02
1.462777777777777715e+02
1.470555555555555429e+02
1.474444444444444571e+02
1.471388888888888857e+02
1.475555555555555429e+02
1.483055555555555429e+02
1.481111111111111143e+02
1.483333333333333428e+02
1.485000000000000000e+02
1.488055555555555429e+02
1.480555555555555429e+02
1.483333333333333428e+02
1.477500000000000000e+02
1.483333333333333428e+02
1.485277777777777715e+02
1.484444444444444571e+02
1.488888888888888857e+02
1.486666666666666572e+02
1.481111111111111143e+02
1.484444444444444571e+02
1.481111111111111143e+02
1.490000000000000000e+02
1.488055555555555429e+02
1.491944444444444571e+02
1.493333333333333428e+02
1.487222222222222285e+02
1.490277777777777715e+02
1.489444444444444571e+02
1.486388888888888857e+02
1.493888888888888857e+02
1.487777777777777715e+02
1.483611111111111143e+02
1.478333333333333428e+02
1.482500000000000000e+02
1.480555555555555429e+02
1.483055555555555429e+02
1.486111111111111143e+02
1.490277777777777715e+02
1.486111111111111143e+02
1.483333333333333428e+02
1.489722222222222285e+02
1.481388888888888857e+02
1.489444444444444571e+02
1.483888888888888857e+02
1.484444444444444571e+02
1.483888888888888857e+02
1.484722222222222285e+02
1.478611111111111143e+02
1.481388888888888857e+02
1.478611111111111143e+02
1.481111111111111143e+02
1.481666666666666572e+02
1.475555555555555429e+02
1.485833333333333428e+02
1.479166666666666572e+02
1.480833333333333428e+02
1.486388888888888857e+02
1.487777777777777715e+02
1.487777777777777715e+02
1.482500000000000000e+02
1.485000000000000000e+02
1.489166666666666572e+02
1.488055555555555429e+02
1.481944444444444571e+02
1.482500000000000000e+02
1.478888888888888857e+02
1.478333333333333428e+02
1.483611111111111143e+02
1.482500000000000000e+02
1.485555555555555429e+02
1.476666666666666572e+02
1.484722222222222285e+02
1.480000000000000000e+02
1.488611111111111143e+02
1.482777777777777715e+02
1.488055555555555429e+02
1.490277777777777715e+02
1.494722222222222285e+02
1.498611111111111143e+02
1.505555555555555429e+02
1.505833333333333428e+02
1.504444444444444571e+02
1.501388888888888857e+02
1.499722222222222285e+02
1.490833333333333428e+02
1.487222222222222285e+02
1.489166666666666572e+02
1.472777777777777715e+02
1.480833333333333428e+02
1.472777777777777715e+02
1.477777777777777715e+02
1.473888888888888857e+02
1.462777777777777715e+02
1.465277777777777715e+02
1.470277777777777715e+02
1.525833333333333428e+02
2.116111111111111143e+02
2.179722222222222285e+02
2.183055555555555429e+02
2.183611111111111143e+02
2.189722222222222285e+02
2.189444444444444571e+02
2.189166666666666572e+02
2.190277777777777715e+02
2.195833333333333428e+02
2.196944444444444571e+02
2.198611111111111143e+02
2.203888888888888857e+02
2.198055555555555429e+02
2.195000000000000000e+02
2.188333333333333428e+02
2.181944444444444571e+02
2.182500000000000000e+02
2.182500000000000000e+02
2.178611111111111143e+02
2.180555555555555429e+02
2.182500000000000000e+02
2.187777777777777715e+02
2.188333333333333428e+02
2.186666666666666572e+02
2.186388888888888857e+02
2.187777777777777715e+02
2.187500000000000000e+02
2.186388888888888857e+02
2.187777777777777715e+02
2.186111111111111143e+02
2.184722222222222285e+02
2.189722222222222285e+02
2.186111111111111143e+02
2.188888888888888857e+02
2.182777777777777715e+02
2.184722222222222285e+02
2.184722222222222285e+02
2.182500000000000000e+02
2.186111111111111143e+02
2.181666666666666572e+02
2.183333333333333428e+02
2.183611111111111143e+02
2.181388888888888857e+02
2.178055555555555429e+02
2.184166666666666572e+02
2.181111111111111143e+02
2.177777777777777715e+02
2.177777777777777715e+02
2.178055555555555429e+02
2.179444444444444571e+02
2.187777777777777715e+02
2.178888888888888857e+02
2.176666666666666572e+02
2.178333333333333428e+02
2.178333333333333428e+02
2.179722222222222285e+02
2.175555555555555429e+02
2.179444444444444571e+02
2.179444444444444571e+02
2.181666666666666572e+02
2.179166666666666572e+02
2.177777777777777715e+02
2.176666666666666572e+02
2.180000000000000000e+02
2.173055555555555429e+02
2.176388888888888857e+02
2.173611111111111143e+02
2.178888888888888857e+02
2.175555555555555429e+02
2.179722222222222285e+02
2.178333333333333428e+02
2.179444444444444571e+02
2.173611111111111143e+02
2.179166666666666572e+02
2.180000000000000000e+02
2.175000000000000000e+02
2.178333333333333428e+02
2.178333333333333428e+02
2.179166666666666572e+02
2.179444444444444571e+02
2.181944444444444571e+02
2.181111111111111143e+02
2.180555555555555429e+02
2.178888888888888857e+02
2.178611111111111143e+02
2.179166666666666572e+02
2.176666666666666572e+02
2.178055555555555429e+02
2.180555555555555429e+02
2.176388888888888857e+02
2.178055555555555429e+02
2.175277777777777715e+02
2.181388888888888857e+02
2.180833333333333428e+02
2.173611111111111143e+02
2.181388888888888857e+02
2.183888888888888857e+02
2.180277777777777715e+02
2.183611111111111143e+02
2.180277777777777715e+02
2.180555555555555429e+02
2.182500000000000000e+02
2.179166666666666572e+02
2.182222222222222285e+02
2.180000000000000000e+02
2.180555555555555429e+02
2.179444444444444571e+02
2.179722222222222285e+02
2.182222222222222285e+02
2.181944444444444571e+02
2.184166666666666572e+02
2.184444444444444571e+02
2.181111111111111143e+02
2.183333333333333428e+02
2.183888888888888857e+02
2.186666666666666572e+02
2.186388888888888857e+02
2.187222222222222285e+02
2.183055555555555429e+02
2.186111111111111143e+02
2.189444444444444571e+02
2.194444444444444571e+02
2.188055555555555429e+02
2.184444444444444571e+02
2.187500000000000000e+02
2.188333333333333428e+02
2.186388888888888857e+02
2.189444444444444571e+02
2.186111111111111143e+02
2.186388888888888857e+02
2.191666666666666572e+02
2.184722222222222285e+02
2.187500000000000000e+02
2.191388888888888857e+02
2.186111111111111143e+02
2.189166666666666572e+02
2.191111111111111143e+02
2.189722222222222285e+02
2.196388888888888857e+02
2.192777777777777715e+02
2.195277777777777715e+02
2.198055555555555429e+02
2.202777777777777715e+02
2.202500000000000000e+02
2.196666666666666572e+02
2.193333333333333428e+02
2.191111111111111143e+02
2.189166666666666572e+02
2.189444444444444571e+02
2.190000000000000000e+02
2.194722222222222285e+02
2.198611111111111143e+02
2.200833333333333428e+02
2.207777777777777715e+02
2.212222222222222285e+02
2.210555555555555429e+02
2.206666666666666572e+02
2.207500000000000000e+02
2.205277777777777715e+02
2.206944444444444571e+02
2.207222222222222285e+02
2.202500000000000000e+02
2.206388888888888857e+02
2.200277777777777715e+02
2.200000000000000000e+02
2.193611111111111143e+02
2.195000000000000000e+02
2.191666666666666572e+02
2.191666666666666572e+02
2.193888888888888857e+02
2.190277777777777715e+02
2.190000000000000000e+02
2.183333333333333428e+02
2.182777777777777715e+02
2.184722222222222285e+02
2.180555555555555429e+02
2.178888888888888857e+02
2.182500000000000000e+02
2.183333333333333428e+02
2.183333333333333428e+02
2.186388888888888857e+02
2.189166666666666572e+02
2.190277777777777715e+02
2.190277777777777715e+02
2.190833333333333428e+02
2.195000000000000000e+02
2.196388888888888857e+02
2.191388888888888857e+02
2.189166666666666572e+02
2.190555555555555429e+02
2.192777777777777715e+02
2.190000000000000000e+02
2.190277777777777715e+02
2.185555555555555429e+02
2.189722222222222285e+02
2.189166666666666572e+02
2.189166666666666572e+02
2.190833333333333428e+02
2.195277777777777715e+02
2.197500000000000000e+02
2.204166666666666572e+02
2.208611111111111143e+02
2.208055555555555429e+02
2.207222222222222285e+02
2.207500000000000000e+02
2.208055555555555429e+02
2.206944444444444571e+02
2.201388888888888857e+02
2.194444444444444571e+02
2.188888888888888857e+02
2.191111111111111143e+02
2.193333333333333428e+02
2.195555555555555429e+02
2.199166666666666572e+02
2.198611111111111143e+02
2.198611111111111143e+02
2.203611111111111143e+02
2.201666666666666572e+02
2.205000000000000000e+02
2.206944444444444571e+02
2.207500000000000000e+02
2.203055555555555429e+02
2.201388888888888857e+02
2.192500000000000000e+02
2.192222222222222285e+02
2.191388888888888857e+02
2.188333333333333428e+02
2.186111111111111143e+02
2.184722222222222285e+02
2.182222222222222285e+02
2.186388888888888857e+02
2.188888888888888857e+02
2.186666666666666572e+02
2.189722222222222285e+02
2.187777777777777715e+02
2.183333333333333428e+02
2.188055555555555429e+02
2.192500000000000000e+02
2.190833333333333428e+02
2.192500000000000000e+02
2.187777777777777715e+02
2.192500000000000000e+02
2.190833333333333428e+02
2.192500000000000000e+02
2.188611111111111143e+02
2.190000000000000000e+02
2.186944444444444571e+02
2.186388888888888857e+02
2.187500000000000000e+02
2.186388888888888857e+02
2.188888888888888857e+02
2.188333333333333428e+02
2.186388888888888857e+02
2.188333333333333428e+02
2.187222222222222285e+02
2.186944444444444571e+02
2.190000000000000000e+02
2.187777777777777715e+02
2.188888888888888857e+02
2.190555555555555429e+02
2.194166666666666572e+02
2.192777777777777715e+02
2.191944444444444571e+02
2.190555555555555429e+02
2.190555555555555429e+02
2.189722222222222285e+02
2.189444444444444571e+02
2.189722222222222285e+02
2.191388888888888857e+02
2.188611111111111143e+02
2.188055555555555429e+02
2.191111111111111143e+02
2.185833333333333428e+02
2.190555555555555429e+02
2.186388888888888857e+02
2.190833333333333428e+02
2.190000000000000000e+02
2.191388888888888857e+02
2.192500000000000000e+02
2.192222222222222285e+02
2.191388888888888857e+02
2.191944444444444571e+02
2.188611111111111143e+02
2.189166666666666572e+02
2.187500000000000000e+02
2.189444444444444571e+02
2.186111111111111143e+02
2.185000000000000000e+02
2.188333333333333428e+02
2.188888888888888857e+02
2.188055555555555429e+02
2.190000000000000000e+02
2.185000000000000000e+02
2.186944444444444571e+02
2.185555555555555429e+02
2.184444444444444571e+02
2.187777777777777715e+02
2.183333333333333428e+02
2.185833333333333428e+02
2.188888888888888857e+02
2.188333333333333428e+02
2.185000000000000000e+02
2.189444444444444571e+02
2.189166666666666572e+02
2.187500000000000000e+02
2.190000000000000000e+02
2.185833333333333428e+02
2.187500000000000000e+02
2.188888888888888857e+02
2.190555555555555429e+02
2.190555555555555429e+02
2.190833333333333428e+02
2.195555555555555429e+02
2.190833333333333428e+02
2.190277777777777715e+02
2.191944444444444571e+02
2.193333333333333428e+02
2.190833333333333428e+02
2.196944444444444571e+02
2.193333333333333428e+02
2.196666666666666572e+02
2.193333333333333428e+02
2.193888888888888857e+02
2.193333333333333428e+02
2.191388888888888857e+02
2.190277777777777715e+02
2.190277777777777715e+02
2.187777777777777715e+02
2.189722222222222285e+02
2.191388888888888857e+02
2.192500000000000000e+02
2.188333333333333428e+02
2.192500000000000000e+02
2.190277777777777715e+02
2.192777777777777715e+02
2.193611111111111143e+02
2.191111111111111143e+02
2.191111111111111143e+02
2.193888888888888857e+02
2.192500000000000000e+02
2.192500000000000000e+02
2.191944444444444571e+02
2.190833333333333428e+02
2.195833333333333428e+02
2.190833333333333428e+02
2.190000000000000000e+02
2.192777777777777715e+02
2.187777777777777715e+02
2.188333333333333428e+02
2.190000000000000000e+02
2.193333333333333428e+02
2.191111111111111143e+02
2.190277777777777715e+02
2.191666666666666572e+02
2.192500000000000000e+02
2.194722222222222285e+02
2.196666666666666572e+02
2.193333333333333428e+02
2.193055555555555429e+02
2.196388888888888857e+02
2.196666666666666572e+02
2.193888888888888857e+02
2.194722222222222285e+02
2.192222222222222285e+02
2.193055555555555429e+02
2.195000000000000000e+02
2.191666666666666572e+02
2.190000000000000000e+02
2.185833333333333428e+02
2.195000000000000000e+02
2.191944444444444571e+02
2.191388888888888857e+02
2.190000000000000000e+02
2.192500000000000000e+02
2.191944444444444571e+02
2.193333333333333428e+02
2.194722222222222285e+02
2.195833333333333428e+02
2.191944444444444571e+02
2.190555555555555429e+02
2.194166666666666572e+02
2.193611111111111143e+02
2.191944444444444571e+02
2.192777777777777715e+02
2.191111111111111143e+02
2.189722222222222285e+02
2.189166666666666572e+02
2.190277777777777715e+02
2.190000000000000000e+02
2.189444444444444571e+02
2.191111111111111143e+02
2.189166666666666572e+02
2.191666666666666572e+02
2.191666666666666572e+02
2.191388888888888857e+02
2.191111111111111143e+02
2.190555555555555429e+02
2.188888888888888857e+02
2.193055555555555429e+02
2.189166666666666572e+02
2.190000000000000000e+02
2.186388888888888857e+02
2.190555555555555429e+02
2.190000000000000000e+02
2.188333333333333428e+02
2.190555555555555429e+02
2.190555555555555429e+02
2.191944444444444571e+02
2.189722222222222285e+02
2.187222222222222285e+02
2.186944444444444571e+02
2.187500000000000000e+02
2.191944444444444571e+02
2.187500000000000000e+02
2.189166666666666572e+02
2.185277777777777715e+02
2.187222222222222285e+02
2.187777777777777715e+02
2.191111111111111143e+02
2.188055555555555429e+02
2.186666666666666572e+02
2.190833333333333428e+02
2.188888888888888857e+02
2.190555555555555429e+02
2.186111111111111143e+02
2.185277777777777715e+02
2.185555555555555429e+02
2.188055555555555429e+02
2.186111111111111143e+02
2.185277777777777715e+02
2.180555555555555429e+02
2.183888888888888857e+02
2.188055555555555429e+02
2.189166666666666572e+02
2.183888888888888857e+02
2.185000000000000000e+02
2.184444444444444571e+02
2.187500000000000000e+02
2.186944444444444571e+02
2.188055555555555429e+02
2.183333333333333428e+02
2.183333333333333428e+02
2.182500000000000000e+02
2.184444444444444571e+02
2.185000000000000000e+02
2.186388888888888857e+02
2.190833333333333428e+02
2.189166666666666572e+02
2.185555555555555429e+02
2.185833333333333428e+02
2.185555555555555429e+02
2.186944444444444571e+02
2.185833333333333428e+02
2.186111111111111143e+02
2.181666666666666572e+02
2.183888888888888857e+02
2.185833333333333428e+02
2.187500000000000000e+02
2.183888888888888857e+02
2.183333333333333428e+02
2.186111111111111143e+02
2.186111111111111143e+02
2.183055555555555429e+02
2.184722222222222285e+02
2.188888888888888857e+02
2.186111111111111143e+02
2.181388888888888857e+02
2.186666666666666572e+02
2.187222222222222285e+02
2.186111111111111143e+02
2.186388888888888857e+02
2.183055555555555429e+02
2.186666666666666572e+02
2.185277777777777715e+02
2.184444444444444571e+02
2.186944444444444571e+02
2.189444444444444571e+02
2.186111111111111143e+02
2.187777777777777715e+02
2.188055555555555429e+02
2.185555555555555429e+02
2.187500000000000000e+02
2.188888888888888857e+02
2.183611111111111143e+02
2.188333333333333428e+02
2.186944444444444571e+02
2.186388888888888857e+02
2.184722222222222285e+02
2.181111111111111143e+02
2.191111111111111143e+02
2.188333333333333428e+02
2.186944444444444571e+02
2.188333333333333428e+02
2.189166666666666572e+02
2.188333333333333428e+02
2.183333333333333428e+02
2.185555555555555429e+02
2.183055555555555429e+02
2.184722222222222285e+02
2.185000000000000000e+02
2.186388888888888857e+02
2.188611111111111143e+02
2.187777777777777715e+02
2.188611111111111143e+02
2.187500000000000000e+02
2.186111111111111143e+02
2.185833333333333428e+02
2.188055555555555429e+02
2.191388888888888857e+02
2.189444444444444571e+02
2.187777777777777715e+02
2.188611111111111143e+02
2.182222222222222285e+02
2.185555555555555429e+02
2.186666666666666572e+02
2.186111111111111143e+02
2.188333333333333428e+02
2.188611111111111143e+02
2.190000000000000000e+02
2.188888888888888857e+02
2.190000000000000000e+02
2.186944444444444571e+02
2.187500000000000000e+02
2.186666666666666572e+02
2.188611111111111143e+02
2.190833333333333428e+02
2.185277777777777715e+02
2.189166666666666572e+02
2.186388888888888857e+02
2.187777777777777715e+02
2.189444444444444571e+02
2.189166666666666572e+02
2.187222222222222285e+02
2.190833333333333428e+02
2.189166666666666572e+02
2.188055555555555429e+02
2.187222222222222285e+02
2.182777777777777715e+02
2.188055555555555429e+02
2.190833333333333428e+02
2.189722222222222285e+02
2.186944444444444571e+02
2.185833333333333428e+02
2.185555555555555429e+02
2.189444444444444571e+02
2.191111111111111143e+02
2.191944444444444571e+02
2.189722222222222285e+02
2.189444444444444571e+02
2.187777777777777715e+02
2.186944444444444571e+02
2.188888888888888857e+02
2.190000000000000000e+02
2.190555555555555429e+02
2.186666666666666572e+02
2.191111111111111143e+02
2.188611111111111143e+02
2.191111111111111143e+02
2.191666666666666572e+02
2.185833333333333428e+02
2.191944444444444571e+02
2.188611111111111143e+02
2.190277777777777715e+02
2.186666666666666572e+02
2.185277777777777715e+02
2.186666666666666572e+02
2.186111111111111143e+02
2.189166666666666572e+02
2.188888888888888857e+02
2.188333333333333428e+02
2.190555555555555429e+02
2.185555555555555429e+02
2.189166666666666572e+02
2.189166666666666572e+02
2.185555555555555429e+02
2.187777777777777715e+02
2.184722222222222285e+02
2.186666666666666572e+02
2.185277777777777715e+02
2.187500000000000000e+02
2.186111111111111143e+02
2.186388888888888857e+02
2.187777777777777715e+02
2.182777777777777715e+02
2.189166666666666572e+02
2.184166666666666572e+02
2.185833333333333428e+02
2.185833333333333428e+02
2.181111111111111143e+02
2.183888888888888857e+02
2.183333333333333428e+02
2.182777777777777715e+02
2.181388888888888857e+02
2.183055555555555429e+02
2.180833333333333428e+02
2.184444444444444571e+02
2.185000000000000000e+02
2.188611111111111143e+02
2.191666666666666572e+02
2.195277777777777715e+02
2.195833333333333428e+02
2.193055555555555429e+02
2.194444444444444571e+02
2.196111111111111143e+02
2.192500000000000000e+02
2.189722222222222285e+02
2.192500000000000000e+02
2.189444444444444571e+02
2.190000000000000000e+02
2.191388888888888857e+02
2.192500000000000000e+02
2.191111111111111143e+02
2.189166666666666572e+02
2.190833333333333428e+02
2.188888888888888857e+02
2.191111111111111143e+02
2.186111111111111143e+02
2.189722222222222285e+02
2.186388888888888857e+02
2.189722222222222285e+02
2.190277777777777715e+02
2.186944444444444571e+02
2.190555555555555429e+02
2.187222222222222285e+02
2.188055555555555429e+02
2.184166666666666572e+02
2.185000000000000000e+02
2.188888888888888857e+02
2.192222222222222285e+02
2.189722222222222285e+02
2.189722222222222285e+02
2.190833333333333428e+02
2.185277777777777715e+02
2.185000000000000000e+02
2.182777777777777715e+02
2.186111111111111143e+02
2.187222222222222285e+02
2.189166666666666572e+02
2.184722222222222285e+02
2.189166666666666572e+02
2.187222222222222285e+02
2.184444444444444571e+02
2.183888888888888857e+02
2.186944444444444571e+02
2.186111111111111143e+02
2.182500000000000000e+02
2.180833333333333428e+02
2.189444444444444571e+02
2.188888888888888857e+02
2.186944444444444571e+02
2.187500000000000000e+02
2.184166666666666572e+02
2.182500000000000000e+02
2.184444444444444571e+02
2.186111111111111143e+02
2.185000000000000000e+02
2.188333333333333428e+02
2.188333333333333428e+02
2.181666666666666572e+02
2.181388888888888857e+02
2.183611111111111143e+02
2.187222222222222285e+02
2.186666666666666572e+02
2.187500000000000000e+02
2.183888888888888857e+02
2.183888888888888857e+02
2.187222222222222285e+02
2.188888888888888857e+02
2.191111111111111143e+02
2.191111111111111143e+02
2.186666666666666572e+02
2.186111111111111143e+02
2.183333333333333428e+02
2.186388888888888857e+02
2.183055555555555429e+02
2.184722222222222285e+02
2.189444444444444571e+02
2.183333333333333428e+02
2.186666666666666572e+02
2.188333333333333428e+02
2.183888888888888857e+02
2.186388888888888857e+02
2.188055555555555429e+02
2.185833333333333428e+02
2.186111111111111143e+02
2.185833333333333428e+02
2.183333333333333428e+02
2.188055555555555429e+02
2.187222222222222285e+02
2.184722222222222285e+02
2.186666666666666572e+02
2.183888888888888857e+02
2.191944444444444571e+02
2.185000000000000000e+02
2.185833333333333428e+02
2.188055555555555429e+02
2.189722222222222285e+02
2.186388888888888857e+02
2.186111111111111143e+02
2.181388888888888857e+02
2.182500000000000000e+02
2.184722222222222285e+02
2.189166666666666572e+02
2.188055555555555429e+02
2.189444444444444571e+02
2.188055555555555429e+02
2.188611111111111143e+02
2.190277777777777715e+02
2.186944444444444571e+02
2.188055555555555429e+02
2.188888888888888857e+02
2.182222222222222285e+02
2.186944444444444571e+02
2.187777777777777715e+02
2.189166666666666572e+02
2.186111111111111143e+02
2.184722222222222285e+02
2.188333333333333428e+02
2.187222222222222285e+02
2.186944444444444571e+02
2.189722222222222285e+02
2.185000000000000000e+02
2.186666666666666572e+02
2.186388888888888857e+02
2.183611111111111143e+02
2.190833333333333428e+02
2.186666666666666572e+02
2.185555555555555429e+02
2.170555555555555429e+02
2.170000000000000000e+02
2.170277777777777715e+02
2.168055555555555429e+02
2.170000000000000000e+02
2.172500000000000000e+02
2.170833333333333428e+02
2.170277777777777715e+02
2.170000000000000000e+02
2.150833333333333428e+02
2.151666666666666572e+02
2.151944444444444571e+02
2.150000000000000000e+02
2.149444444444444571e+02
2.151111111111111143e+02
2.150833333333333428e+02
2.150555555555555429e+02
2.149722222222222285e+02
2.150277777777777715e+02
2.152500000000000000e+02
2.150833333333333428e+02
2.151111111111111143e+02
2.150833333333333428e+02
2.150000000000000000e+02
2.150555555555555429e+02
2.148611111111111143e+02
2.152222222222222285e+02
2.149722222222222285e+02
2.150277777777777715e+02
2.151388888888888857e+02
2.149722222222222285e+02
2.150833333333333428e+02
2.151944444444444571e+02
2.150555555555555429e+02
2.151111111111111143e+02
2.152500000000000000e+02
2.151388888888888857e+02
2.150833333333333428e+02
2.150277777777777715e+02
2.151111111111111143e+02
2.150000000000000000e+02
2.147500000000000000e+02
2.150000000000000000e+02
2.149166666666666572e+02
2.154166666666666572e+02
2.151944444444444571e+02
2.151111111111111143e+02
2.150833333333333428e+02
2.150833333333333428e+02
2.152222222222222285e+02
2.150833333333333428e+02
2.152500000000000000e+02
2.153611111111111143e+02
2.150000000000000000e+02
2.155277777777777715e+02
2.151666666666666572e+02
2.150833333333333428e+02
2.152777777777777715e+02
2.149444444444444571e+02
2.153888888888888857e+02
2.151944444444444571e+02
2.150000000000000000e+02
2.151388888888888857e+02
2.152222222222222285e+02
2.151666666666666572e+02
2.150277777777777715e+02
2.151666666666666572e+02
2.152222222222222285e+02
2.153055555555555429e+02
2.152500000000000000e+02
2.151944444444444571e+02
2.150277777777777715e+02
2.150277777777777715e+02
2.150833333333333428e+02
2.150833333333333428e+02
2.151666666666666572e+02
2.150833333333333428e+02
2.150555555555555429e+02
2.151944444444444571e+02
2.149444444444444571e+02
2.149722222222222285e+02
2.150277777777777715e+02
2.150000000000000000e+02
2.150000000000000000e+02
2.149722222222222285e+02
2.151388888888888857e+02
2.149722222222222285e+02
2.151944444444444571e+02
2.152777777777777715e+02
2.149722222222222285e+02
2.151111111111111143e+02
2.150000000000000000e+02
2.152222222222222285e+02
2.151666666666666572e+02
2.150833333333333428e+02
2.151666666666666572e+02
2.149166666666666572e+02
2.150833333333333428e+02
2.152777777777777715e+02
2.151944444444444571e+02
2.152500000000000000e+02
2.150555555555555429e+02
2.150000000000000000e+02
2.151666666666666572e+02
2.150555555555555429e+02
2.150555555555555429e+02
2.151666666666666572e+02
2.152777777777777715e+02
2.153055555555555429e+02
2.149722222222222285e+02
2.151944444444444571e+02
2.148888888888888857e+02
2.151388888888888857e+02
2.149722222222222285e+02
2.150555555555555429e+02
2.153888888888888857e+02
2.150277777777777715e+02
2.151666666666666572e+02
2.152777777777777715e+02
2.149444444444444571e+02
2.150833333333333428e+02
2.148333333333333428e+02
2.151388888888888857e+02
2.150555555555555429e+02
2.150000000000000000e+02
2.149722222222222285e+02
2.151666666666666572e+02
2.151666666666666572e+02
2.153333333333333428e+02
2.150277777777777715e+02
2.150000000000000000e+02
2.153888888888888857e+02
2.151388888888888857e+02
2.151944444444444571e+02
2.151111111111111143e+02
2.153333333333333428e+02
2.150833333333333428e+02
2.151666666666666572e+02
2.154444444444444571e+02
2.153055555555555429e+02
2.153055555555555429e+02
2.153055555555555429e+02
2.150277777777777715e+02
2.151388888888888857e+02
2.151111111111111143e+02
2.150555555555555429e+02
2.150555555555555429e+02
2.151111111111111143e+02
2.150555555555555429e+02
2.150555555555555429e+02
2.151111111111111143e+02
2.150000000000000000e+02
2.150000000000000000e+02
2.151111111111111143e+02
2.152222222222222285e+02
2.151111111111111143e+02
2.150277777777777715e+02
2.150277777777777715e+02
2.150000000000000000e+02
2.150555555555555429e+02
2.152777777777777715e+02
2.151111111111111143e+02
2.151111111111111143e+02
2.150277777777777715e+02
2.149722222222222285e+02
2.150000000000000000e+02
2.149722222222222285e+02
2.150555555555555429e+02
2.152777777777777715e+02
2.152222222222222285e+02
2.150000000000000000e+02
2.149722222222222285e+02
2.149722222222222285e+02
2.149444444444444571e+02
2.149444444444444571e+02
2.151666666666666572e+02
2.152222222222222285e+02
2.151944444444444571e+02
2.151111111111111143e+02
2.150000000000000000e+02
2.149722222222222285e+02
2.150000000000000000e+02
2.148333333333333428e+02
2.150000000000000000e+02
2.151666666666666572e+02
2.150833333333333428e+02
2.152777777777777715e+02
2.152500000000000000e+02
2.151388888888888857e+02
2.151111111111111143e+02
2.150000000000000000e+02
2.153333333333333428e+02
2.151666666666666572e+02
2.154166666666666572e+02
2.150555555555555429e+02
2.154166666666666572e+02
2.152222222222222285e+02
2.151111111111111143e+02
2.149444444444444571e+02
2.150555555555555429e+02
2.153055555555555429e+02
2.150555555555555429e+02
2.151666666666666572e+02
2.151944444444444571e+02
2.150000000000000000e+02
2.152222222222222285e+02
2.151111111111111143e+02
2.150833333333333428e+02
2.151388888888888857e+02
2.152222222222222285e+02
2.149722222222222285e+02
2.149722222222222285e+02
2.153333333333333428e+02
2.151111111111111143e+02
2.150277777777777715e+02
2.150277777777777715e+02
2.150833333333333428e+02
2.151944444444444571e+02
2.150555555555555429e+02
2.150277777777777715e+02
2.151944444444444571e+02
2.150555555555555429e+02
2.150277777777777715e+02
2.152500000000000000e+02
2.150833333333333428e+02
2.151111111111111143e+02
2.150555555555555429e+02
2.152222222222222285e+02
2.148888888888888857e+02
2.151388888888888857e+02
2.150833333333333428e+02
2.150833333333333428e+02
2.152777777777777715e+02
2.151944444444444571e+02
2.153333333333333428e+02
2.150833333333333428e+02
2.155000000000000000e+02
2.150277777777777715e+02
2.151388888888888857e+02
2.154166666666666572e+02
2.151111111111111143e+02
2.152222222222222285e+02
2.151388888888888857e+02
2.150277777777777715e+02
2.150833333333333428e+02
2.153333333333333428e+02
2.152222222222222285e+02
2.151944444444444571e+02
2.150833333333333428e+02
2.150833333333333428e+02
2.151388888888888857e+02
2.151111111111111143e+02
2.148888888888888857e+02
2.151388888888888857e+02
2.150833333333333428e+02
2.150833333333333428e+02
2.150277777777777715e+02
2.151388888888888857e+02
2.151111111111111143e+02
2.153333333333333428e+02
2.148888888888888857e+02
2.151111111111111143e+02
2.151111111111111143e+02
2.148888888888888857e+02
2.152777777777777715e+02
2.150555555555555429e+02
2.152500000000000000e+02
2.153333333333333428e+02
2.152777777777777715e+02
2.151944444444444571e+02
2.151388888888888857e+02
2.152222222222222285e+02
2.150555555555555429e+02
2.150277777777777715e+02
2.152222222222222285e+02
2.150000000000000000e+02
2.151388888888888857e+02
2.153611111111111143e+02
2.150277777777777715e+02
2.151111111111111143e+02
2.150833333333333428e+02
2.151111111111111143e+02
2.151388888888888857e+02
2.147500000000000000e+02
2.150277777777777715e+02
2.148611111111111143e+02
2.152500000000000000e+02
2.150555555555555429e+02
2.152777777777777715e+02
2.151944444444444571e+02
2.150833333333333428e+02
2.150555555555555429e+02
2.150000000000000000e+02
2.150000000000000000e+02
2.151944444444444571e+02
2.151388888888888857e+02
2.151111111111111143e+02
2.153333333333333428e+02
2.152222222222222285e+02
2.152222222222222285e+02
2.151666666666666572e+02
2.152222222222222285e+02
2.155000000000000000e+02
2.151944444444444571e+02
2.150833333333333428e+02
2.151388888888888857e+02
2.152777777777777715e+02
2.152500000000000000e+02
2.150277777777777715e+02
2.153611111111111143e+02
2.150555555555555429e+02
2.151111111111111143e+02
2.152500000000000000e+02
2.151666666666666572e+02
2.151944444444444571e+02
2.152222222222222285e+02
2.152500000000000000e+02
2.157500000000000000e+02
2.153333333333333428e+02
2.150000000000000000e+02
2.151111111111111143e+02
2.155000000000000000e+02
2.151666666666666572e+02
2.151944444444444571e+02
2.153333333333333428e+02
2.153888888888888857e+02
2.156111111111111143e+02
2.151666666666666572e+02
2.152500000000000000e+02
2.151666666666666572e+02
2.151111111111111143e+02
2.151666666666666572e+02
2.150277777777777715e+02
2.151388888888888857e+02
2.152222222222222285e+02
2.151111111111111143e+02
2.153888888888888857e+02
2.153611111111111143e+02
2.153055555555555429e+02
2.150833333333333428e+02
2.150833333333333428e+02
2.151111111111111143e+02
2.150833333333333428e+02
2.151388888888888857e+02
2.152222222222222285e+02
2.154722222222222285e+02
2.158055555555555429e+02
2.157500000000000000e+02
2.150555555555555429e+02
2.150833333333333428e+02
2.150555555555555429e+02
2.150277777777777715e+02
2.151388888888888857e+02
2.151944444444444571e+02
2.156666666666666572e+02
2.153611111111111143e+02
2.155555555555555429e+02
2.151944444444444571e+02
2.151388888888888857e+02
2.149722222222222285e+02
2.151388888888888857e+02
2.148888888888888857e+02
2.149166666666666572e+02
2.153055555555555429e+02
2.153611111111111143e+02
2.150000000000000000e+02
2.151388888888888857e+02
2.151944444444444571e+02
2.151944444444444571e+02
2.152500000000000000e+02
2.150277777777777715e+02
2.151666666666666572e+02
2.151666666666666572e+02
2.151111111111111143e+02
2.152777777777777715e+02
2.152500000000000000e+02
2.153611111111111143e+02
2.152222222222222285e+02
2.152222222222222285e+02
2.153611111111111143e+02
2.150555555555555429e+02
2.150000000000000000e+02
2.150555555555555429e+02
2.151111111111111143e+02
2.151944444444444571e+02
2.150555555555555429e+02
2.150277777777777715e+02
2.152222222222222285e+02
2.150000000000000000e+02
2.150000000000000000e+02
2.152500000000000000e+02
2.150555555555555429e+02
2.148888888888888857e+02
2.150277777777777715e+02
2.150277777777777715e+02
2.150555555555555429e+02
2.150555555555555429e+02
2.150000000000000000e+02
2.150555555555555429e+02
2.150555555555555429e+02
2.150833333333333428e+02
2.148611111111111143e+02
2.151111111111111143e+02
2.150833333333333428e+02
2.150833333333333428e+02
2.150000000000000000e+02
2.149166666666666572e+02
2.150833333333333428e+02
2.150277777777777715e+02
2.151388888888888857e+02
2.146944444444444571e+02
2.147777777777777715e+02
2.150555555555555429e+02
2.151111111111111143e+02
2.150833333333333428e+02
2.150277777777777715e+02
2.150000000000000000e+02
2.150833333333333428e+02
2.150000000000000000e+02
2.151944444444444571e+02
2.150277777777777715e+02
2.149444444444444571e+02
2.149444444444444571e+02
2.147222222222222285e+02
2.150833333333333428e+02
2.149722222222222285e+02
2.150277777777777715e+02
2.151666666666666572e+02
2.151388888888888857e+02
2.150277777777777715e+02
2.151388888888888857e+02
2.151111111111111143e+02
2.149444444444444571e+02
2.150555555555555429e+02
2.149166666666666572e+02
2.148333333333333428e+02
2.148888888888888857e+02
2.149722222222222285e+02
2.149166666666666572e+02
2.151666666666666572e+02
2.150833333333333428e+02
2.153888888888888857e+02
2.150000000000000000e+02
2.150833333333333428e+02
2.149166666666666572e+02
2.149444444444444571e+02
2.149166666666666572e+02
2.149166666666666572e+02
2.149444444444444571e+02
2.150555555555555429e+02
2.149166666666666572e+02
2.153055555555555429e+02
2.151666666666666572e+02
2.150277777777777715e+02
2.148055555555555429e+02
2.147222222222222285e+02
2.146944444444444571e+02
2.148611111111111143e+02
2.150000000000000000e+02
2.150277777777777715e+02
2.151388888888888857e+02
2.149166666666666572e+02
2.151111111111111143e+02
2.148333333333333428e+02
2.149722222222222285e+02
2.149722222222222285e+02
2.150277777777777715e+02
2.150000000000000000e+02
2.151666666666666572e+02
2.149444444444444571e+02
2.150555555555555429e+02
2.149444444444444571e+02
2.150277777777777715e+02
2.150000000000000000e+02
2.150277777777777715e+02
2.151388888888888857e+02
2.150833333333333428e+02
2.149166666666666572e+02
2.149166666666666572e+02
2.151388888888888857e+02
2.152222222222222285e+02
2.151666666666666572e+02
2.151388888888888857e+02
2.151111111111111143e+02
2.149166666666666572e+02
2.148611111111111143e+02
2.150833333333333428e+02
2.149722222222222285e+02
2.150277777777777715e+02
2.148611111111111143e+02
2.150833333333333428e+02
2.150555555555555429e+02
2.150555555555555429e+02
2.149722222222222285e+02
2.148333333333333428e+02
2.149166666666666572e+02
2.148611111111111143e+02
2.149722222222222285e+02
2.149444444444444571e+02
2.149722222222222285e+02
2.148611111111111143e+02
2.150277777777777715e+02
2.149166666666666572e+02
2.149722222222222285e+02
2.150833333333333428e+02
2.148888888888888857e+02
2.150000000000000000e+02
2.149166666666666572e+02
2.149722222222222285e+02
2.149166666666666572e+02
2.153333333333333428e+02
2.150277777777777715e+02
2.150000000000000000e+02
2.150555555555555429e+02
2.150555555555555429e+02
2.150277777777777715e+02
2.150555555555555429e+02
2.146944444444444571e+02
2.150833333333333428e+02
2.151666666666666572e+02
2.149722222222222285e+02
2.149722222222222285e+02
2.149722222222222285e+02
2.148055555555555429e+02
2.150277777777777715e+02
2.150277777777777715e+02
2.149444444444444571e+02
2.149444444444444571e+02
2.147777777777777715e+02
2.150000000000000000e+02
2.149444444444444571e+02
2.148333333333333428e+02
2.148888888888888857e+02
2.149722222222222285e+02
2.151388888888888857e+02
2.151388888888888857e+02
2.149722222222222285e+02
2.149444444444444571e+02
2.149722222222222285e+02
2.150555555555555429e+02
2.150277777777777715e+02
2.149166666666666572e+02
2.151111111111111143e+02
2.150000000000000000e+02
2.150277777777777715e+02
2.150000000000000000e+02
2.150000000000000000e+02
2.150833333333333428e+02
2.151388888888888857e+02
2.152222222222222285e+02
2.150000000000000000e+02
2.149444444444444571e+02
2.145555555555555429e+02
2.146388888888888857e+02
2.149722222222222285e+02
2.150277777777777715e+02
2.152222222222222285e+02
2.151944444444444571e+02
2.150555555555555429e+02
2.150277777777777715e+02
2.150555555555555429e+02
2.149166666666666572e+02
2.148611111111111143e+02
2.146666666666666572e+02
2.146944444444444571e+02
2.148611111111111143e+02
2.149444444444444571e+02
2.149166666666666572e+02
2.147500000000000000e+02
2.150277777777777715e+02
2.150833333333333428e+02
2.148333333333333428e+02
2.148888888888888857e+02
2.149722222222222285e+02
2.150000000000000000e+02
2.150555555555555429e+02
2.148333333333333428e+02
2.147500000000000000e+02
2.148333333333333428e+02
2.149722222222222285e+02
2.150555555555555429e+02
2.150277777777777715e+02
2.148611111111111143e+02
2.150555555555555429e+02
2.149444444444444571e+02
2.153888888888888857e+02
2.152222222222222285e+02
2.150555555555555429e+02
2.150000000000000000e+02
2.145555555555555429e+02
2.148888888888888857e+02
2.148055555555555429e+02
2.150555555555555429e+02
2.150277777777777715e+02
2.150000000000000000e+02
2.148888888888888857e+02
2.150000000000000000e+02
2.169444444444444571e+02
2.167777777777777715e+02
2.167777777777777715e+02
2.167777777777777715e+02
2.170000000000000000e+02
2.167500000000000000e+02
2.165555555555555429e+02
2.164722222222222285e+02
2.164166666666666572e+02
2.168333333333333428e+02
2.163055555555555429e+02
2.163888888888888857e+02
2.178611111111111143e+02
2.181944444444444571e+02
2.179722222222222285e+02
2.180833333333333428e+02
2.181388888888888857e+02
2.180277777777777715e+02
2.184166666666666572e+02
2.182500000000000000e+02
2.178888888888888857e+02
2.175833333333333428e+02
2.181388888888888857e+02
2.179444444444444571e+02
2.178888888888888857e+02
2.178333333333333428e+02
2.180000000000000000e+02
2.180555555555555429e+02
2.182222222222222285e+02
2.184166666666666572e+02
2.179722222222222285e+02
2.181111111111111143e+02
2.181944444444444571e+02
2.182222222222222285e+02
2.182222222222222285e+02
2.189166666666666572e+02
2.180555555555555429e+02
2.175000000000000000e+02
2.178611111111111143e+02
2.176111111111111143e+02
2.175555555555555429e+02
2.172777777777777715e+02
2.173055555555555429e+02
2.173333333333333428e+02
2.173888888888888857e+02
2.173055555555555429e+02
2.175277777777777715e+02
2.176111111111111143e+02
2.175833333333333428e+02
2.181111111111111143e+02
2.179166666666666572e+02
2.177222222222222285e+02
2.171666666666666572e+02
2.175000000000000000e+02
2.171388888888888857e+02
2.170833333333333428e+02
2.174722222222222285e+02
2.176111111111111143e+02
2.175000000000000000e+02
2.174722222222222285e+02
2.174444444444444571e+02
2.178055555555555429e+02
2.174444444444444571e+02
2.175000000000000000e+02
2.173055555555555429e+02
2.172500000000000000e+02
2.175555555555555429e+02
2.173333333333333428e+02
2.175277777777777715e+02
2.175000000000000000e+02
2.175555555555555429e+02
2.178333333333333428e+02
2.176666666666666572e+02
2.175000000000000000e+02
2.175555555555555429e+02
2.175000000000000000e+02
2.176388888888888857e+02
2.178333333333333428e+02
2.174166666666666572e+02
2.174722222222222285e+02
2.170555555555555429e+02
2.175833333333333428e+02
2.174166666666666572e+02
2.180833333333333428e+02
2.177222222222222285e+02
2.175277777777777715e+02
2.173055555555555429e+02
2.173888888888888857e+02
2.176666666666666572e+02
2.175555555555555429e+02
2.178055555555555429e+02
2.181111111111111143e+02
2.176111111111111143e+02
2.180000000000000000e+02
2.180833333333333428e+02
2.180555555555555429e+02
2.175277777777777715e+02
2.173611111111111143e+02
2.174722222222222285e+02
2.172777777777777715e+02
2.176666666666666572e+02
2.173333333333333428e+02
2.180277777777777715e+02
2.182777777777777715e+02
2.183611111111111143e+02
2.180555555555555429e+02
2.179722222222222285e+02
2.178888888888888857e+02
2.176666666666666572e+02
2.178055555555555429e+02
2.178333333333333428e+02
2.178888888888888857e+02
2.177777777777777715e+02
2.180000000000000000e+02
2.178888888888888857e+02
2.180833333333333428e+02
2.180000000000000000e+02
2.176388888888888857e+02
2.175833333333333428e+02
2.176944444444444571e+02
2.171111111111111143e+02
2.176388888888888857e+02
2.179166666666666572e+02
2.180833333333333428e+02
2.180555555555555429e+02
2.178888888888888857e+02
2.175277777777777715e+02
2.176111111111111143e+02
2.171944444444444571e+02
2.170555555555555429e+02
2.178055555555555429e+02
2.177500000000000000e+02
2.180277777777777715e+02
2.176111111111111143e+02
2.176944444444444571e+02
2.180000000000000000e+02
2.174166666666666572e+02
2.173055555555555429e+02
2.172777777777777715e+02
2.170555555555555429e+02
2.170277777777777715e+02
2.175555555555555429e+02
2.175277777777777715e+02
2.178055555555555429e+02
2.173888888888888857e+02
2.176944444444444571e+02
2.180833333333333428e+02
2.176111111111111143e+02
2.175277777777777715e+02
2.176944444444444571e+02
2.175833333333333428e+02
2.175833333333333428e+02
2.175833333333333428e+02
2.180277777777777715e+02
2.178055555555555429e+02
2.179722222222222285e+02
2.178611111111111143e+02
2.181388888888888857e+02
2.176666666666666572e+02
2.179722222222222285e+02
2.174444444444444571e+02
2.175555555555555429e+02
2.174722222222222285e+02
2.171388888888888857e+02
2.172777777777777715e+02
2.173888888888888857e+02
2.180555555555555429e+02
2.175000000000000000e+02
2.178055555555555429e+02
2.171666666666666572e+02
2.171666666666666572e+02
2.171388888888888857e+02
2.170833333333333428e+02
2.174444444444444571e+02
2.171111111111111143e+02
2.171388888888888857e+02
2.170277777777777715e+02
2.171388888888888857e+02
2.178333333333333428e+02
2.173888888888888857e+02
2.171944444444444571e+02
2.170277777777777715e+02
2.169722222222222285e+02
2.170000000000000000e+02
2.176111111111111143e+02
2.170277777777777715e+02
2.176666666666666572e+02
2.179166666666666572e+02
2.180555555555555429e+02
2.180277777777777715e+02
2.180000000000000000e+02
2.175000000000000000e+02
2.173611111111111143e+02
2.179722222222222285e+02
2.176944444444444571e+02
2.174166666666666572e+02
2.176944444444444571e+02
2.176388888888888857e+02
2.175000000000000000e+02
2.180833333333333428e+02
2.176666666666666572e+02
2.176111111111111143e+02
2.175277777777777715e+02
2.177222222222222285e+02
2.177777777777777715e+02
2.176666666666666572e+02
2.176388888888888857e+02
2.175000000000000000e+02
2.179166666666666572e+02
2.175833333333333428e+02
2.180000000000000000e+02
2.177777777777777715e+02
2.179444444444444571e+02
2.175277777777777715e+02
2.177500000000000000e+02
2.173888888888888857e+02
2.176944444444444571e+02
2.178611111111111143e+02
2.175000000000000000e+02
2.176388888888888857e+02
2.173888888888888857e+02
2.174444444444444571e+02
2.178611111111111143e+02
2.174444444444444571e+02
2.177500000000000000e+02
2.173055555555555429e+02
2.176666666666666572e+02
2.176944444444444571e+02
2.173611111111111143e+02
2.176944444444444571e+02
2.178888888888888857e+02
2.178055555555555429e+02
2.174444444444444571e+02
2.175000000000000000e+02
2.175555555555555429e+02
2.178333333333333428e+02
2.180555555555555429e+02
2.180555555555555429e+02
2.181666666666666572e+02
2.180833333333333428e+02
2.176388888888888857e+02
2.174444444444444571e+02
2.175833333333333428e+02
2.178333333333333428e+02
2.178611111111111143e+02
2.175555555555555429e+02
2.174444444444444571e+02
2.180277777777777715e+02
2.178055555555555429e+02
2.173055555555555429e+02
2.170833333333333428e+02
2.170555555555555429e+02
2.150555555555555429e+02
2.154166666666666572e+02
2.161666666666666572e+02
2.166666666666666572e+02
2.166111111111111143e+02
2.157222222222222285e+02
2.152222222222222285e+02
2.152500000000000000e+02
2.156388888888888857e+02
2.142777777777777715e+02
2.140833333333333428e+02
2.143611111111111143e+02
2.141111111111111143e+02
2.142222222222222285e+02
2.140277777777777715e+02
2.119722222222222285e+02
2.124166666666666572e+02
2.123055555555555429e+02
2.125277777777777715e+02
2.126388888888888857e+02
2.122500000000000000e+02
2.103888888888888857e+02
2.105277777777777715e+02
2.103055555555555429e+02
2.103888888888888857e+02
2.098888888888888857e+02
2.100555555555555429e+02
2.104444444444444571e+02
2.101666666666666572e+02
2.105833333333333428e+02
2.103333333333333428e+02
2.096944444444444571e+02
2.098888888888888857e+02
2.102500000000000000e+02
2.098611111111111143e+02
2.101944444444444571e+02
2.099166666666666572e+02
2.104166666666666572e+02
2.100833333333333428e+02
2.103611111111111143e+02
2.106388888888888857e+02
2.105000000000000000e+02
2.110277777777777715e+02
2.106666666666666572e+02
2.101666666666666572e+02
2.105555555555555429e+02
2.106388888888888857e+02
2.104444444444444571e+02
2.108055555555555429e+02
2.108333333333333428e+02
2.110000000000000000e+02
2.107777777777777715e+02
2.104444444444444571e+02
2.100555555555555429e+02
2.103888888888888857e+02
2.101944444444444571e+02
2.103888888888888857e+02
2.102500000000000000e+02
2.101388888888888857e+02
2.104444444444444571e+02
2.101111111111111143e+02
2.100277777777777715e+02
2.101111111111111143e+02
2.103611111111111143e+02
2.097222222222222285e+02
2.103888888888888857e+02
2.100000000000000000e+02
2.106111111111111143e+02
2.101944444444444571e+02
2.104444444444444571e+02
2.102777777777777715e+02
2.102222222222222285e+02
2.100000000000000000e+02
2.098611111111111143e+02
2.105000000000000000e+02
2.100000000000000000e+02
2.102500000000000000e+02
2.105000000000000000e+02
2.100555555555555429e+02
2.102222222222222285e+02
2.095555555555555429e+02
2.098611111111111143e+02
2.093888888888888857e+02
2.100555555555555429e+02
2.098333333333333428e+02
2.101944444444444571e+02
2.097222222222222285e+02
2.101388888888888857e+02
2.096944444444444571e+02
2.094722222222222285e+02
2.102777777777777715e+02
2.100000000000000000e+02
2.103888888888888857e+02
2.105555555555555429e+02
2.104166666666666572e+02
2.094166666666666572e+02
2.093888888888888857e+02
2.092777777777777715e+02
2.094722222222222285e+02
