2.166944444444444571e+02
2.151944444444444571e+02
2.150833333333333428e+02
2.150833333333333428e+02
2.151111111111111143e+02
2.151388888888888857e+02
2.153333333333333428e+02
2.170555555555555429e+02
2.171111111111111143e+02
2.173055555555555429e+02
2.168888888888888857e+02
2.171111111111111143e+02
2.160277777777777715e+02
2.154166666666666572e+02
2.151388888888888857e+02
2.163888888888888857e+02
2.167777777777777715e+02
2.165000000000000000e+02
2.165000000000000000e+02
2.167222222222222285e+02
2.164722222222222285e+02
2.167777777777777715e+02
2.185277777777777715e+02
2.185277777777777715e+02
2.184444444444444571e+02
2.188611111111111143e+02
2.186111111111111143e+02
2.190000000000000000e+02
2.199444444444444571e+02
2.197777777777777715e+02
2.184722222222222285e+02
2.180000000000000000e+02
2.173333333333333428e+02
2.177222222222222285e+02
2.179444444444444571e+02
2.177500000000000000e+02
2.178611111111111143e+02
2.185833333333333428e+02
2.183333333333333428e+02
2.183055555555555429e+02
2.182777777777777715e+02
2.180833333333333428e+02
2.189444444444444571e+02
2.202500000000000000e+02
2.201111111111111143e+02
2.191388888888888857e+02
2.192222222222222285e+02
2.185000000000000000e+02
2.181666666666666572e+02
2.175277777777777715e+02
2.170833333333333428e+02
2.165277777777777715e+02
2.168055555555555429e+02
2.173888888888888857e+02
2.179166666666666572e+02
2.191111111111111143e+02
2.196944444444444571e+02
2.194722222222222285e+02
2.196666666666666572e+02
2.190277777777777715e+02
2.184444444444444571e+02
2.190000000000000000e+02
2.202777777777777715e+02
2.205833333333333428e+02
2.209722222222222285e+02
2.211388888888888857e+02
2.208888888888888857e+02
2.210277777777777715e+02
2.217777777777777715e+02
2.221388888888888857e+02
2.224444444444444571e+02
2.231388888888888857e+02
2.234722222222222285e+02
2.239444444444444571e+02
2.239166666666666572e+02
2.240000000000000000e+02
2.238333333333333428e+02
2.235277777777777715e+02
2.228888888888888857e+02
2.228888888888888857e+02
2.221388888888888857e+02
2.212777777777777715e+02
2.210833333333333428e+02
2.211944444444444571e+02
2.208055555555555429e+02
2.205555555555555429e+02
2.211944444444444571e+02
2.216388888888888857e+02
2.211944444444444571e+02
2.210000000000000000e+02
2.211666666666666572e+02
2.208888888888888857e+02
2.211388888888888857e+02
2.210555555555555429e+02
2.212777777777777715e+02
2.213888888888888857e+02
2.213055555555555429e+02
2.200000000000000000e+02
2.176944444444444571e+02
2.172500000000000000e+02
2.196111111111111143e+02
2.201388888888888857e+02
2.203333333333333428e+02
2.193611111111111143e+02
2.172500000000000000e+02
2.177500000000000000e+02
2.182500000000000000e+02
2.188333333333333428e+02
2.189722222222222285e+02
2.196388888888888857e+02
2.205833333333333428e+02
2.210555555555555429e+02
2.218055555555555429e+02
2.218611111111111143e+02
2.225000000000000000e+02
2.231666666666666572e+02
2.030277777777777715e+02
1.686666666666666572e+02
1.546944444444444571e+02
1.538333333333333428e+02
1.541111111111111143e+02
1.534444444444444571e+02
1.533055555555555429e+02
1.531111111111111143e+02
1.526944444444444571e+02
1.530277777777777715e+02
1.524444444444444571e+02
1.511666666666666572e+02
1.931666666666666572e+02
2.211666666666666572e+02
2.210833333333333428e+02
2.205000000000000000e+02
2.204444444444444571e+02
2.204166666666666572e+02
2.203333333333333428e+02
2.202222222222222285e+02
2.198611111111111143e+02
2.187500000000000000e+02
2.175833333333333428e+02
2.165277777777777715e+02
2.182222222222222285e+02
2.192777777777777715e+02
2.196666666666666572e+02
2.181388888888888857e+02
2.178055555555555429e+02
2.178333333333333428e+02
2.181666666666666572e+02
2.185000000000000000e+02
2.185833333333333428e+02
2.191666666666666572e+02
2.193333333333333428e+02
2.184166666666666572e+02
2.192222222222222285e+02
2.210555555555555429e+02
2.212777777777777715e+02
2.222777777777777715e+02
2.232500000000000000e+02
1.596666666666666572e+02
1.557500000000000000e+02
1.560833333333333428e+02
1.564166666666666572e+02
1.553611111111111143e+02
1.552777777777777715e+02
1.550833333333333428e+02
1.550277777777777715e+02
1.538055555555555429e+02
1.536111111111111143e+02
1.529166666666666572e+02
1.529444444444444571e+02
1.793333333333333428e+02
2.224722222222222285e+02
2.211666666666666572e+02
2.208611111111111143e+02
2.210555555555555429e+02
2.205555555555555429e+02
2.205277777777777715e+02
2.170277777777777715e+02
2.159722222222222285e+02
2.170277777777777715e+02
2.174166666666666572e+02
2.171944444444444571e+02
2.156666666666666572e+02
2.150555555555555429e+02
2.151111111111111143e+02
2.149722222222222285e+02
2.154166666666666572e+02
2.158611111111111143e+02
2.167222222222222285e+02
2.175833333333333428e+02
2.184722222222222285e+02
2.203611111111111143e+02
2.209722222222222285e+02
2.220833333333333428e+02
2.041388888888888857e+02
1.540833333333333428e+02
1.556388888888888857e+02
1.550833333333333428e+02
1.551111111111111143e+02
1.545000000000000000e+02
1.547500000000000000e+02
1.552500000000000000e+02
1.546666666666666572e+02
1.544166666666666572e+02
1.530277777777777715e+02
1.524166666666666572e+02
1.522222222222222285e+02
1.514444444444444571e+02
1.511944444444444571e+02
1.500555555555555429e+02
1.498333333333333428e+02
1.481944444444444571e+02
2.108611111111111143e+02
2.175000000000000000e+02
2.168611111111111143e+02
2.170277777777777715e+02
2.164722222222222285e+02
2.150277777777777715e+02
2.147777777777777715e+02
2.168611111111111143e+02
2.160277777777777715e+02
2.156666666666666572e+02
2.166388888888888857e+02
2.168888888888888857e+02
2.167500000000000000e+02
2.170555555555555429e+02
2.167222222222222285e+02
2.164722222222222285e+02
2.169444444444444571e+02
2.177222222222222285e+02
2.185277777777777715e+02
2.184722222222222285e+02
2.188055555555555429e+02
2.190000000000000000e+02
2.195000000000000000e+02
2.196111111111111143e+02
2.203611111111111143e+02
2.211666666666666572e+02
2.213611111111111143e+02
2.215277777777777715e+02
2.219722222222222285e+02
2.214444444444444571e+02
2.209722222222222285e+02
2.215277777777777715e+02
2.225277777777777715e+02
2.232777777777777715e+02
2.226944444444444571e+02
2.222500000000000000e+02
2.226944444444444571e+02
2.231111111111111143e+02
2.233611111111111143e+02
2.236388888888888857e+02
2.233888888888888857e+02
2.229722222222222285e+02
2.228055555555555429e+02
2.189444444444444571e+02
2.030000000000000000e+02
1.895555555555555429e+02
1.794722222222222285e+02
1.755555555555555429e+02
1.817500000000000000e+02
1.938055555555555429e+02
2.157777777777777715e+02
2.195555555555555429e+02
2.189444444444444571e+02
2.191388888888888857e+02
2.189444444444444571e+02
2.186111111111111143e+02
2.180555555555555429e+02
2.177222222222222285e+02
2.174166666666666572e+02
2.178333333333333428e+02
2.179722222222222285e+02
2.175000000000000000e+02
2.176111111111111143e+02
2.178611111111111143e+02
2.179722222222222285e+02
2.179166666666666572e+02
2.180000000000000000e+02
2.171666666666666572e+02
2.146388888888888857e+02
2.135833333333333428e+02
2.137777777777777715e+02
1.566944444444444571e+02
1.394444444444444571e+02
1.394444444444444571e+02
1.386944444444444571e+02
1.373611111111111143e+02
1.363055555555555429e+02
1.403888888888888857e+02
1.460555555555555429e+02
1.409444444444444571e+02
1.402500000000000000e+02
1.401388888888888857e+02
1.400000000000000000e+02
1.392777777777777715e+02
1.395277777777777715e+02
1.392500000000000000e+02
1.398611111111111143e+02
1.400277777777777715e+02
1.409444444444444571e+02
1.422222222222222285e+02
2.153888888888888857e+02
2.154444444444444571e+02
2.166666666666666572e+02
2.178888888888888857e+02
2.191944444444444571e+02
2.194166666666666572e+02
2.193611111111111143e+02
2.211111111111111143e+02
2.211666666666666572e+02
2.214166666666666572e+02
2.215833333333333428e+02
2.212222222222222285e+02
2.212777777777777715e+02
2.203333333333333428e+02
2.203888888888888857e+02
2.082222222222222285e+02
1.607777777777777715e+02
1.505000000000000000e+02
1.513611111111111143e+02
1.511944444444444571e+02
1.505833333333333428e+02
1.506666666666666572e+02
1.508611111111111143e+02
1.502222222222222285e+02
1.495555555555555429e+02
1.490555555555555429e+02
1.483888888888888857e+02
1.487500000000000000e+02
1.580000000000000000e+02
1.985277777777777715e+02
2.170833333333333428e+02
2.172500000000000000e+02
2.169166666666666572e+02
2.163333333333333428e+02
2.156944444444444571e+02
2.160277777777777715e+02
2.151111111111111143e+02
2.150000000000000000e+02
2.149722222222222285e+02
2.154166666666666572e+02
2.151388888888888857e+02
2.156666666666666572e+02
2.141944444444444571e+02
2.126666666666666572e+02
2.127222222222222285e+02
1.383055555555555429e+02
1.377777777777777715e+02
1.369444444444444571e+02
1.358888888888888857e+02
1.370277777777777715e+02
1.445833333333333428e+02
1.396944444444444571e+02
1.396666666666666572e+02
1.386111111111111143e+02
1.385277777777777715e+02
1.398333333333333428e+02
1.393611111111111143e+02
1.411111111111111143e+02
1.425000000000000000e+02
1.429444444444444571e+02
1.437777777777777715e+02
1.448055555555555429e+02
2.098611111111111143e+02
2.151666666666666572e+02
2.158333333333333428e+02
2.170833333333333428e+02
2.175277777777777715e+02
2.181111111111111143e+02
2.181944444444444571e+02
2.180277777777777715e+02
2.190833333333333428e+02
2.205833333333333428e+02
2.202222222222222285e+02
2.204166666666666572e+02
2.196388888888888857e+02
2.048888888888888857e+02
1.536666666666666572e+02
1.495833333333333428e+02
1.488333333333333428e+02
1.488888888888888857e+02
1.495000000000000000e+02
1.485555555555555429e+02
1.483055555555555429e+02
1.479722222222222285e+02
1.471944444444444571e+02
1.461111111111111143e+02
1.474166666666666572e+02
1.466666666666666572e+02
1.460833333333333428e+02
1.468888888888888857e+02
1.742500000000000000e+02
2.156111111111111143e+02
2.161944444444444571e+02
2.160277777777777715e+02
2.157222222222222285e+02
2.161388888888888857e+02
2.156388888888888857e+02
2.163611111111111143e+02
2.166111111111111143e+02
2.155833333333333428e+02
2.152500000000000000e+02
2.150000000000000000e+02
2.147500000000000000e+02
2.149722222222222285e+02
2.147500000000000000e+02
2.145555555555555429e+02
1.601111111111111143e+02
1.371111111111111143e+02
1.361388888888888857e+02
1.343333333333333428e+02
1.334722222222222285e+02
1.326944444444444571e+02
1.310277777777777715e+02
1.303611111111111143e+02
1.438611111111111143e+02
1.385000000000000000e+02
1.373055555555555429e+02
1.364722222222222285e+02
1.364166666666666572e+02
1.359166666666666572e+02
1.388055555555555429e+02
1.398611111111111143e+02
1.408055555555555429e+02
1.452777777777777715e+02
1.451666666666666572e+02
1.460833333333333428e+02
1.466944444444444571e+02
1.469722222222222285e+02
1.475000000000000000e+02
1.481388888888888857e+02
1.503055555555555429e+02
1.511111111111111143e+02
1.531111111111111143e+02
1.540000000000000000e+02
1.625833333333333428e+02
2.228888888888888857e+02
2.239722222222222285e+02
2.231666666666666572e+02
2.213888888888888857e+02
2.223611111111111143e+02
2.230833333333333428e+02
2.230555555555555429e+02
2.229444444444444571e+02
2.249444444444444571e+02
2.249166666666666572e+02
2.245000000000000000e+02
2.240277777777777715e+02
2.219722222222222285e+02
2.218611111111111143e+02
2.221388888888888857e+02
2.203333333333333428e+02
2.200277777777777715e+02
2.203611111111111143e+02
2.196111111111111143e+02
2.195277777777777715e+02
2.194166666666666572e+02
2.186944444444444571e+02
2.183888888888888857e+02
2.184722222222222285e+02
2.184444444444444571e+02
2.183055555555555429e+02
2.185000000000000000e+02
2.182500000000000000e+02
2.180000000000000000e+02
2.180277777777777715e+02
2.171944444444444571e+02
2.170000000000000000e+02
2.170555555555555429e+02
2.167222222222222285e+02
2.155277777777777715e+02
2.157500000000000000e+02
2.165555555555555429e+02
2.164166666666666572e+02
2.155833333333333428e+02
2.147500000000000000e+02
2.156111111111111143e+02
2.168611111111111143e+02
2.170277777777777715e+02
2.168055555555555429e+02
1.487777777777777715e+02
1.402777777777777715e+02
1.384722222222222285e+02
1.372777777777777715e+02
1.365000000000000000e+02
1.346111111111111143e+02
1.351388888888888857e+02
1.343333333333333428e+02
1.316944444444444571e+02
1.298888888888888857e+02
1.395277777777777715e+02
1.401111111111111143e+02
1.351111111111111143e+02
1.336388888888888857e+02
1.325833333333333428e+02
1.322222222222222285e+02
1.338888888888888857e+02
1.341944444444444571e+02
1.355833333333333428e+02
1.373055555555555429e+02
1.380000000000000000e+02
1.388611111111111143e+02
1.408611111111111143e+02
1.420833333333333428e+02
1.421666666666666572e+02
1.438333333333333428e+02
2.062222222222222285e+02
2.140555555555555429e+02
2.152222222222222285e+02
2.168333333333333428e+02
2.173055555555555429e+02
2.173055555555555429e+02
2.171944444444444571e+02
2.155000000000000000e+02
2.163888888888888857e+02
2.160277777777777715e+02
2.169722222222222285e+02
2.184166666666666572e+02
2.191111111111111143e+02
2.185833333333333428e+02
2.183888888888888857e+02
2.178611111111111143e+02
2.173333333333333428e+02
2.172777777777777715e+02
2.171111111111111143e+02
2.170000000000000000e+02
2.165000000000000000e+02
2.168055555555555429e+02
2.158611111111111143e+02
2.153888888888888857e+02
2.151111111111111143e+02
2.154722222222222285e+02
2.150555555555555429e+02
1.926944444444444571e+02
1.424444444444444571e+02
1.371388888888888857e+02
1.376111111111111143e+02
1.375833333333333428e+02
1.358611111111111143e+02
1.351388888888888857e+02
1.340277777777777715e+02
1.372777777777777715e+02
1.359444444444444571e+02
1.353611111111111143e+02
1.400277777777777715e+02
1.457500000000000000e+02
1.463611111111111143e+02
1.433611111111111143e+02
1.401666666666666572e+02
1.405000000000000000e+02
1.446944444444444571e+02
1.448888888888888857e+02
1.451944444444444571e+02
1.456944444444444571e+02
1.458611111111111143e+02
1.464444444444444571e+02
1.470833333333333428e+02
1.475277777777777715e+02
1.480277777777777715e+02
1.490555555555555429e+02
1.490000000000000000e+02
1.498888888888888857e+02
1.509444444444444571e+02
1.523888888888888857e+02
1.521944444444444571e+02
1.533055555555555429e+02
1.546666666666666572e+02
1.553055555555555429e+02
1.546111111111111143e+02
1.541111111111111143e+02
1.961111111111111143e+02
2.221666666666666572e+02
2.220555555555555429e+02
2.228055555555555429e+02
2.229166666666666572e+02
2.235833333333333428e+02
2.230555555555555429e+02
2.213888888888888857e+02
2.211111111111111143e+02
2.205000000000000000e+02
2.200833333333333428e+02
2.198888888888888857e+02
2.202500000000000000e+02
2.203333333333333428e+02
2.206944444444444571e+02
2.207500000000000000e+02
2.190000000000000000e+02
2.189722222222222285e+02
2.186111111111111143e+02
2.187777777777777715e+02
2.191388888888888857e+02
2.181666666666666572e+02
2.180000000000000000e+02
2.176944444444444571e+02
2.183888888888888857e+02
2.182222222222222285e+02
2.180833333333333428e+02
2.172777777777777715e+02
2.172500000000000000e+02
2.171666666666666572e+02
2.168333333333333428e+02
2.165833333333333428e+02
2.162500000000000000e+02
2.156111111111111143e+02
2.160277777777777715e+02
2.162777777777777715e+02
2.161666666666666572e+02
2.152777777777777715e+02
1.474166666666666572e+02
1.393055555555555429e+02
1.395000000000000000e+02
1.370000000000000000e+02
1.370833333333333428e+02
1.360277777777777715e+02
1.365277777777777715e+02
1.353611111111111143e+02
1.337777777777777715e+02
1.379444444444444571e+02
1.424166666666666572e+02
1.392222222222222285e+02
1.380277777777777715e+02
1.368333333333333428e+02
1.371666666666666572e+02
1.373888888888888857e+02
1.396111111111111143e+02
1.388611111111111143e+02
1.387222222222222285e+02
1.396111111111111143e+02
1.415000000000000000e+02
1.424166666666666572e+02
1.431388888888888857e+02
1.430555555555555429e+02
1.445277777777777715e+02
1.452222222222222285e+02
1.458055555555555429e+02
1.461111111111111143e+02
1.469444444444444571e+02
1.477500000000000000e+02
1.476111111111111143e+02
1.492777777777777715e+02
2.177222222222222285e+02
2.190277777777777715e+02
2.193611111111111143e+02
2.203055555555555429e+02
2.208611111111111143e+02
2.203888888888888857e+02
2.201666666666666572e+02
2.190000000000000000e+02
2.184722222222222285e+02
2.187777777777777715e+02
2.195000000000000000e+02
2.198888888888888857e+02
2.200833333333333428e+02
2.194166666666666572e+02
2.190000000000000000e+02
2.184722222222222285e+02
2.193333333333333428e+02
2.196388888888888857e+02
2.191944444444444571e+02
2.185555555555555429e+02
2.182222222222222285e+02
2.173333333333333428e+02
2.168055555555555429e+02
2.168888888888888857e+02
2.165000000000000000e+02
2.156666666666666572e+02
2.150000000000000000e+02
2.141944444444444571e+02
2.130000000000000000e+02
2.135277777777777715e+02
2.129722222222222285e+02
2.128055555555555429e+02
2.120833333333333428e+02
2.105000000000000000e+02
1.705555555555555429e+02
1.366666666666666572e+02
1.363611111111111143e+02
1.346944444444444571e+02
1.353611111111111143e+02
1.356388888888888857e+02
1.353333333333333428e+02
1.339166666666666572e+02
1.337500000000000000e+02
1.328888888888888857e+02
1.439166666666666572e+02
1.396666666666666572e+02
1.393888888888888857e+02
1.410833333333333428e+02
1.437777777777777715e+02
1.446666666666666572e+02
1.465555555555555429e+02
1.471666666666666572e+02
1.470555555555555429e+02
1.497222222222222285e+02
1.510555555555555429e+02
1.503888888888888857e+02
1.517222222222222285e+02
1.528055555555555429e+02
1.540000000000000000e+02
1.547222222222222285e+02
1.558333333333333428e+02
2.191944444444444571e+02
2.218611111111111143e+02
2.215833333333333428e+02
2.210277777777777715e+02
2.209722222222222285e+02
2.209166666666666572e+02
2.209166666666666572e+02
2.202777777777777715e+02
2.201388888888888857e+02
2.191666666666666572e+02
2.187500000000000000e+02
2.189166666666666572e+02
2.190555555555555429e+02
2.191944444444444571e+02
2.195000000000000000e+02
2.193055555555555429e+02
2.200555555555555429e+02
2.198055555555555429e+02
2.190555555555555429e+02
2.182777777777777715e+02
2.177777777777777715e+02
2.169722222222222285e+02
2.161111111111111143e+02
2.158888888888888857e+02
2.159444444444444571e+02
2.157222222222222285e+02
2.152777777777777715e+02
2.154722222222222285e+02
2.145555555555555429e+02
2.143055555555555429e+02
2.139722222222222285e+02
2.135555555555555429e+02
2.135833333333333428e+02
2.128055555555555429e+02
2.118333333333333428e+02
2.085000000000000000e+02
1.408888888888888857e+02
1.405000000000000000e+02
1.422500000000000000e+02
1.420833333333333428e+02
1.418333333333333428e+02
1.411944444444444571e+02
1.411666666666666572e+02
1.414166666666666572e+02
1.459722222222222285e+02
1.504166666666666572e+02
1.510555555555555429e+02
1.488333333333333428e+02
1.494444444444444571e+02
1.492777777777777715e+02
1.510277777777777715e+02
1.510555555555555429e+02
1.510833333333333428e+02
1.510000000000000000e+02
1.526111111111111143e+02
1.535833333333333428e+02
1.549166666666666572e+02
1.556944444444444571e+02
1.553611111111111143e+02
1.560833333333333428e+02
1.573888888888888857e+02
1.575000000000000000e+02
1.593055555555555429e+02
1.598333333333333428e+02
1.592777777777777715e+02
1.577777777777777715e+02
2.226944444444444571e+02
2.223333333333333428e+02
2.236388888888888857e+02
2.240277777777777715e+02
2.234444444444444571e+02
2.229166666666666572e+02
2.232777777777777715e+02
2.221944444444444571e+02
2.222222222222222285e+02
2.230833333333333428e+02
2.237777777777777715e+02
2.219166666666666572e+02
2.211388888888888857e+02
2.216388888888888857e+02
2.193333333333333428e+02
2.172500000000000000e+02
2.175555555555555429e+02
2.168333333333333428e+02
2.162777777777777715e+02
2.155833333333333428e+02
2.149444444444444571e+02
2.148333333333333428e+02
2.137222222222222285e+02
2.134722222222222285e+02
2.133611111111111143e+02
2.131111111111111143e+02
2.130277777777777715e+02
2.126944444444444571e+02
2.128055555555555429e+02
2.143333333333333428e+02
1.423611111111111143e+02
1.374444444444444571e+02
1.361944444444444571e+02
1.361944444444444571e+02
1.351111111111111143e+02
1.358611111111111143e+02
1.346388888888888857e+02
1.355833333333333428e+02
1.363888888888888857e+02
1.365000000000000000e+02
1.360833333333333428e+02
1.357500000000000000e+02
1.395833333333333428e+02
1.442777777777777715e+02
1.427222222222222285e+02
1.428888888888888857e+02
1.424166666666666572e+02
1.426944444444444571e+02
1.452777777777777715e+02
1.457500000000000000e+02
1.467222222222222285e+02
1.472777777777777715e+02
1.490277777777777715e+02
1.492222222222222285e+02
1.501944444444444571e+02
1.510555555555555429e+02
1.519722222222222285e+02
1.534722222222222285e+02
1.532222222222222285e+02
1.546944444444444571e+02
2.028333333333333428e+02
2.230833333333333428e+02
2.234444444444444571e+02
2.247222222222222285e+02
2.243333333333333428e+02
2.239722222222222285e+02
2.243055555555555429e+02
2.238611111111111143e+02
2.224444444444444571e+02
2.232500000000000000e+02
2.234166666666666572e+02
2.243611111111111143e+02
2.247500000000000000e+02
2.250555555555555429e+02
2.242500000000000000e+02
2.238888888888888857e+02
2.228333333333333428e+02
2.222222222222222285e+02
2.216388888888888857e+02
2.212500000000000000e+02
2.212777777777777715e+02
2.210555555555555429e+02
2.201944444444444571e+02
2.191388888888888857e+02
2.191666666666666572e+02
2.188611111111111143e+02
2.200000000000000000e+02
2.208333333333333428e+02
2.213888888888888857e+02
2.202777777777777715e+02
2.195833333333333428e+02
2.191111111111111143e+02
2.191388888888888857e+02
2.194166666666666572e+02
2.178333333333333428e+02
2.153055555555555429e+02
1.809166666666666572e+02
1.426388888888888857e+02
1.423333333333333428e+02
1.416666666666666572e+02
1.463333333333333428e+02
1.483888888888888857e+02
1.472222222222222285e+02
1.462777777777777715e+02
1.488055555555555429e+02
1.497777777777777715e+02
1.493888888888888857e+02
1.506388888888888857e+02
1.526944444444444571e+02
1.527500000000000000e+02
1.542222222222222285e+02
1.557500000000000000e+02
1.557500000000000000e+02
1.561388888888888857e+02
1.688333333333333428e+02
2.235000000000000000e+02
2.253055555555555429e+02
2.245833333333333428e+02
2.250277777777777715e+02
2.261666666666666572e+02
2.267777777777777715e+02
2.269444444444444571e+02
2.275000000000000000e+02
2.280555555555555429e+02
2.281388888888888857e+02
2.280555555555555429e+02
2.275000000000000000e+02
2.273611111111111143e+02
2.268611111111111143e+02
2.274166666666666572e+02
2.276944444444444571e+02
2.270277777777777715e+02
2.277500000000000000e+02
2.272777777777777715e+02
2.274166666666666572e+02
2.265833333333333428e+02
2.263888888888888857e+02
2.259722222222222285e+02
2.271944444444444571e+02
2.265277777777777715e+02
2.257222222222222285e+02
2.260277777777777715e+02
2.260000000000000000e+02
2.261388888888888857e+02
2.259722222222222285e+02
2.253055555555555429e+02
2.246666666666666572e+02
2.243055555555555429e+02
2.244166666666666572e+02
2.242777777777777715e+02
2.258333333333333428e+02
1.836388888888888857e+02
1.505000000000000000e+02
1.483333333333333428e+02
1.473611111111111143e+02
1.474444444444444571e+02
1.455833333333333428e+02
1.453333333333333428e+02
1.441666666666666572e+02
1.505000000000000000e+02
1.508333333333333428e+02
1.508055555555555429e+02
1.491388888888888857e+02
1.498333333333333428e+02
1.490000000000000000e+02
1.493888888888888857e+02
1.504722222222222285e+02
1.516388888888888857e+02
1.517500000000000000e+02
1.538055555555555429e+02
1.529444444444444571e+02
1.530000000000000000e+02
1.552500000000000000e+02
1.558888888888888857e+02
1.914444444444444571e+02
2.240555555555555429e+02
2.240277777777777715e+02
2.250555555555555429e+02
2.253611111111111143e+02
2.255555555555555429e+02
2.256666666666666572e+02
2.255000000000000000e+02
2.265277777777777715e+02
2.271111111111111143e+02
2.272777777777777715e+02
2.273333333333333428e+02
2.274444444444444571e+02
2.274166666666666572e+02
2.263333333333333428e+02
2.255833333333333428e+02
1.873333333333333428e+02
1.585277777777777715e+02
1.575000000000000000e+02
1.564722222222222285e+02
1.560277777777777715e+02
1.557222222222222285e+02
1.559444444444444571e+02
1.574166666666666572e+02
2.056111111111111143e+02
2.237500000000000000e+02
2.234722222222222285e+02
2.245277777777777715e+02
2.246111111111111143e+02
2.249166666666666572e+02
2.245000000000000000e+02
2.237777777777777715e+02
2.249166666666666572e+02
2.248611111111111143e+02
2.238333333333333428e+02
2.230555555555555429e+02
2.238611111111111143e+02
2.245555555555555429e+02
2.237777777777777715e+02
1.493055555555555429e+02
1.482222222222222285e+02
1.488888888888888857e+02
1.481111111111111143e+02
1.469444444444444571e+02
1.470833333333333428e+02
1.459444444444444571e+02
1.453888888888888857e+02
1.464166666666666572e+02
1.458055555555555429e+02
1.449722222222222285e+02
1.440000000000000000e+02
1.430555555555555429e+02
1.489166666666666572e+02
1.559722222222222285e+02
1.583055555555555429e+02
1.532222222222222285e+02
1.516111111111111143e+02
1.528333333333333428e+02
1.525833333333333428e+02
1.537222222222222285e+02
1.541388888888888857e+02
1.545833333333333428e+02
1.556111111111111143e+02
1.568055555555555429e+02
1.573333333333333428e+02
1.583333333333333428e+02
2.207777777777777715e+02
2.255000000000000000e+02
2.268055555555555429e+02
2.273333333333333428e+02
2.268611111111111143e+02
2.270833333333333428e+02
2.280277777777777715e+02
2.290277777777777715e+02
2.303333333333333428e+02
2.302222222222222285e+02
2.298333333333333428e+02
2.291666666666666572e+02
2.275833333333333428e+02
2.265277777777777715e+02
1.833888888888888857e+02
1.611111111111111143e+02
1.620000000000000000e+02
1.617222222222222285e+02
1.625833333333333428e+02
1.627222222222222285e+02
1.625555555555555429e+02
1.940277777777777715e+02
2.255277777777777715e+02
2.273055555555555429e+02
2.265277777777777715e+02
2.254722222222222285e+02
2.251111111111111143e+02
2.249444444444444571e+02
2.250555555555555429e+02
2.251111111111111143e+02
2.246944444444444571e+02
2.248333333333333428e+02
2.249444444444444571e+02
2.258055555555555429e+02
2.250000000000000000e+02
2.251388888888888857e+02
2.253055555555555429e+02
2.248611111111111143e+02
2.220833333333333428e+02
2.201388888888888857e+02
2.196388888888888857e+02
1.983055555555555429e+02
1.434722222222222285e+02
1.454722222222222285e+02
1.442777777777777715e+02
1.441944444444444571e+02
1.435277777777777715e+02
1.431666666666666572e+02
1.430555555555555429e+02
1.427777777777777715e+02
1.425555555555555429e+02
1.397500000000000000e+02
1.492222222222222285e+02
1.537222222222222285e+02
1.545833333333333428e+02
1.522222222222222285e+02
1.499166666666666572e+02
1.501388888888888857e+02
1.513055555555555429e+02
1.507777777777777715e+02
1.507222222222222285e+02
1.517500000000000000e+02
1.512222222222222285e+02
1.523888888888888857e+02
1.524444444444444571e+02
1.533888888888888857e+02
1.533055555555555429e+02
1.540833333333333428e+02
1.540277777777777715e+02
1.543055555555555429e+02
1.543333333333333428e+02
1.534166666666666572e+02
1.976111111111111143e+02
2.233055555555555429e+02
2.232777777777777715e+02
2.235000000000000000e+02
2.242500000000000000e+02
2.244722222222222285e+02
2.248611111111111143e+02
2.251388888888888857e+02
2.244444444444444571e+02
2.246111111111111143e+02
2.255277777777777715e+02
2.258333333333333428e+02
2.260833333333333428e+02
2.269166666666666572e+02
2.266388888888888857e+02
2.278888888888888857e+02
2.281666666666666572e+02
2.287777777777777715e+02
2.287777777777777715e+02
2.289722222222222285e+02
2.280555555555555429e+02
2.262500000000000000e+02
1.824166666666666572e+02
1.638611111111111143e+02
1.623611111111111143e+02
1.636944444444444571e+02
1.631666666666666572e+02
1.627777777777777715e+02
1.631666666666666572e+02
1.625277777777777715e+02
1.625000000000000000e+02
1.625833333333333428e+02
1.623055555555555429e+02
1.613611111111111143e+02
1.608888888888888857e+02
1.608611111111111143e+02
1.618333333333333428e+02
1.621666666666666572e+02
1.614166666666666572e+02
1.837777777777777715e+02
2.250000000000000000e+02
2.258333333333333428e+02
2.251666666666666572e+02
2.244166666666666572e+02
2.237500000000000000e+02
2.233611111111111143e+02
2.232222222222222285e+02
2.234722222222222285e+02
2.238333333333333428e+02
2.249166666666666572e+02
2.248611111111111143e+02
2.242500000000000000e+02
2.239722222222222285e+02
2.233611111111111143e+02
2.233055555555555429e+02
2.226944444444444571e+02
2.219444444444444571e+02
2.218055555555555429e+02
2.185833333333333428e+02
2.173888888888888857e+02
2.166111111111111143e+02
2.150833333333333428e+02
2.159722222222222285e+02
2.165277777777777715e+02
2.171388888888888857e+02
2.171388888888888857e+02
2.162500000000000000e+02
2.146666666666666572e+02
2.147500000000000000e+02
2.152500000000000000e+02
2.157222222222222285e+02
2.167222222222222285e+02
2.170000000000000000e+02
2.170000000000000000e+02
2.168055555555555429e+02
2.171666666666666572e+02
2.175277777777777715e+02
2.176666666666666572e+02
2.184166666666666572e+02
2.196944444444444571e+02
2.203333333333333428e+02
2.209444444444444571e+02
2.214166666666666572e+02
2.211388888888888857e+02
2.214166666666666572e+02
2.222777777777777715e+02
2.225833333333333428e+02
2.231111111111111143e+02
2.224444444444444571e+02
2.222777777777777715e+02
2.221111111111111143e+02
2.225000000000000000e+02
2.229166666666666572e+02
2.224722222222222285e+02
2.231111111111111143e+02
2.234444444444444571e+02
2.236666666666666572e+02
2.234166666666666572e+02
2.232500000000000000e+02
2.221388888888888857e+02
2.218333333333333428e+02
2.211944444444444571e+02
2.210000000000000000e+02
2.211388888888888857e+02
2.214722222222222285e+02
2.216388888888888857e+02
2.220833333333333428e+02
2.216111111111111143e+02
2.211666666666666572e+02
2.227777777777777715e+02
2.243888888888888857e+02
2.239722222222222285e+02
2.240000000000000000e+02
2.242777777777777715e+02
2.237777777777777715e+02
2.238611111111111143e+02
2.233055555555555429e+02
2.180000000000000000e+02
1.798611111111111143e+02
1.499166666666666572e+02
1.501111111111111143e+02
1.498611111111111143e+02
1.490000000000000000e+02
1.492222222222222285e+02
1.485277777777777715e+02
1.489722222222222285e+02
1.469444444444444571e+02
1.463333333333333428e+02
1.467500000000000000e+02
1.457222222222222285e+02
1.452777777777777715e+02
1.463888888888888857e+02
1.450277777777777715e+02
1.449166666666666572e+02
1.447777777777777715e+02
1.440277777777777715e+02
1.445277777777777715e+02
1.441666666666666572e+02
1.431944444444444571e+02
1.427222222222222285e+02
1.432222222222222285e+02
1.421944444444444571e+02
1.410000000000000000e+02
1.397222222222222285e+02
1.411388888888888857e+02
1.399444444444444571e+02
1.399166666666666572e+02
1.406111111111111143e+02
1.396944444444444571e+02
1.385555555555555429e+02
1.415277777777777715e+02
1.470000000000000000e+02
1.490555555555555429e+02
1.586666666666666572e+02
2.149722222222222285e+02
2.161388888888888857e+02
2.162222222222222285e+02
2.170000000000000000e+02
2.174166666666666572e+02
2.184166666666666572e+02
2.183611111111111143e+02
2.190277777777777715e+02
2.200555555555555429e+02
2.210277777777777715e+02
2.210555555555555429e+02
2.204166666666666572e+02
2.206944444444444571e+02
2.203333333333333428e+02
2.204444444444444571e+02
2.205555555555555429e+02
2.206111111111111143e+02
2.210277777777777715e+02
2.211666666666666572e+02
2.215833333333333428e+02
2.216666666666666572e+02
2.217222222222222285e+02
2.218055555555555429e+02
2.221111111111111143e+02
2.216666666666666572e+02
2.216388888888888857e+02
2.208333333333333428e+02
2.200277777777777715e+02
2.202222222222222285e+02
2.204444444444444571e+02
2.201944444444444571e+02
2.202500000000000000e+02
2.205277777777777715e+02
2.206388888888888857e+02
2.207500000000000000e+02
2.208055555555555429e+02
2.205833333333333428e+02
2.205000000000000000e+02
2.210555555555555429e+02
2.208888888888888857e+02
2.210000000000000000e+02
2.215000000000000000e+02
2.220277777777777715e+02
2.221388888888888857e+02
2.230555555555555429e+02
2.225555555555555429e+02
2.213611111111111143e+02
2.209166666666666572e+02
2.208333333333333428e+02
2.206666666666666572e+02
2.205833333333333428e+02
2.195000000000000000e+02
2.190555555555555429e+02
2.205277777777777715e+02
2.220555555555555429e+02
2.231388888888888857e+02
2.233611111111111143e+02
2.234722222222222285e+02
2.233611111111111143e+02
2.233055555555555429e+02
2.221944444444444571e+02
2.216944444444444571e+02
2.221111111111111143e+02
2.226944444444444571e+02
2.230833333333333428e+02
2.241388888888888857e+02
2.240277777777777715e+02
2.242222222222222285e+02
2.242500000000000000e+02
2.243888888888888857e+02
2.250555555555555429e+02
2.243888888888888857e+02
2.225833333333333428e+02
2.222222222222222285e+02
2.228611111111111143e+02
2.237777777777777715e+02
2.248055555555555429e+02
2.249722222222222285e+02
2.269444444444444571e+02
2.262222222222222285e+02
2.067777777777777715e+02
1.556111111111111143e+02
1.550277777777777715e+02
1.548611111111111143e+02
1.552777777777777715e+02
1.549722222222222285e+02
1.552500000000000000e+02
1.543055555555555429e+02
1.548611111111111143e+02
1.538611111111111143e+02
1.531944444444444571e+02
1.520000000000000000e+02
1.523055555555555429e+02
1.508611111111111143e+02
1.503888888888888857e+02
1.489444444444444571e+02
1.489166666666666572e+02
1.483333333333333428e+02
1.473611111111111143e+02
1.486666666666666572e+02
1.501111111111111143e+02
1.493333333333333428e+02
1.500833333333333428e+02
1.492222222222222285e+02
1.501666666666666572e+02
1.496111111111111143e+02
1.505277777777777715e+02
1.496111111111111143e+02
1.499166666666666572e+02
1.492777777777777715e+02
1.505833333333333428e+02
1.509166666666666572e+02
1.502777777777777715e+02
1.505833333333333428e+02
1.493888888888888857e+02
1.490000000000000000e+02
1.493055555555555429e+02
1.589444444444444571e+02
1.628888888888888857e+02
1.593888888888888857e+02
1.575277777777777715e+02
1.551388888888888857e+02
2.106944444444444571e+02
2.207777777777777715e+02
2.218055555555555429e+02
2.230277777777777715e+02
2.243888888888888857e+02
2.253333333333333428e+02
2.256111111111111143e+02
2.262777777777777715e+02
2.274722222222222285e+02
2.280833333333333428e+02
2.283611111111111143e+02
2.285833333333333428e+02
2.283333333333333428e+02
2.278055555555555429e+02
2.279722222222222285e+02
2.283055555555555429e+02
2.283333333333333428e+02
2.283888888888888857e+02
2.190277777777777715e+02
1.637777777777777715e+02
1.632500000000000000e+02
1.633333333333333428e+02
1.638333333333333428e+02
1.630000000000000000e+02
1.631944444444444571e+02
1.629722222222222285e+02
1.613611111111111143e+02
1.609166666666666572e+02
1.601666666666666572e+02
1.603055555555555429e+02
1.599722222222222285e+02
1.583611111111111143e+02
1.586666666666666572e+02
1.587222222222222285e+02
1.574166666666666572e+02
1.569166666666666572e+02
1.571111111111111143e+02
1.567777777777777715e+02
1.557500000000000000e+02
1.547500000000000000e+02
1.532222222222222285e+02
1.524722222222222285e+02
1.518888888888888857e+02
1.956666666666666572e+02
2.204166666666666572e+02
2.209444444444444571e+02
2.198333333333333428e+02
2.186111111111111143e+02
2.181944444444444571e+02
2.175555555555555429e+02
2.172777777777777715e+02
2.169722222222222285e+02
2.164166666666666572e+02
2.151944444444444571e+02
2.150277777777777715e+02
2.148055555555555429e+02
2.149166666666666572e+02
2.149722222222222285e+02
2.148888888888888857e+02
2.149722222222222285e+02
2.146944444444444571e+02
2.149444444444444571e+02
1.606944444444444571e+02
1.404722222222222285e+02
1.414166666666666572e+02
1.407222222222222285e+02
1.410000000000000000e+02
1.409166666666666572e+02
1.411111111111111143e+02
1.412222222222222285e+02
1.410277777777777715e+02
1.400833333333333428e+02
1.392500000000000000e+02
1.397500000000000000e+02
1.399444444444444571e+02
1.410277777777777715e+02
1.401944444444444571e+02
1.401666666666666572e+02
1.405000000000000000e+02
1.388055555555555429e+02
1.395833333333333428e+02
1.501388888888888857e+02
1.462222222222222285e+02
1.455555555555555429e+02
1.454722222222222285e+02
1.459722222222222285e+02
1.453888888888888857e+02
1.462222222222222285e+02
1.470000000000000000e+02
1.468055555555555429e+02
1.482777777777777715e+02
1.481944444444444571e+02
1.483888888888888857e+02
1.488611111111111143e+02
1.500555555555555429e+02
1.498611111111111143e+02
1.508888888888888857e+02
1.523888888888888857e+02
1.534722222222222285e+02
1.543333333333333428e+02
1.723333333333333428e+02
2.104166666666666572e+02
2.231111111111111143e+02
2.238055555555555429e+02
2.243055555555555429e+02
2.241666666666666572e+02
2.245833333333333428e+02
2.247777777777777715e+02
2.250555555555555429e+02
2.255833333333333428e+02
2.258055555555555429e+02
2.259722222222222285e+02
2.260000000000000000e+02
2.261666666666666572e+02
2.263888888888888857e+02
2.269166666666666572e+02
2.270833333333333428e+02
2.268055555555555429e+02
2.262500000000000000e+02
2.259722222222222285e+02
2.255000000000000000e+02
2.248888888888888857e+02
2.246666666666666572e+02
2.259444444444444571e+02
2.267777777777777715e+02
2.267777777777777715e+02
2.276666666666666572e+02
2.280555555555555429e+02
2.280833333333333428e+02
2.280833333333333428e+02
2.279166666666666572e+02
2.279444444444444571e+02
2.272222222222222285e+02
2.268055555555555429e+02
2.257222222222222285e+02
2.254166666666666572e+02
2.251388888888888857e+02
2.248611111111111143e+02
2.246666666666666572e+02
2.243888888888888857e+02
2.241388888888888857e+02
2.242500000000000000e+02
2.244722222222222285e+02
2.242500000000000000e+02
2.239444444444444571e+02
2.238333333333333428e+02
2.230000000000000000e+02
2.230277777777777715e+02
2.235555555555555429e+02
2.233055555555555429e+02
2.235555555555555429e+02
2.233888888888888857e+02
2.231666666666666572e+02
2.223888888888888857e+02
2.221388888888888857e+02
2.215833333333333428e+02
2.213611111111111143e+02
2.211388888888888857e+02
2.210000000000000000e+02
2.202500000000000000e+02
2.205000000000000000e+02
2.197777777777777715e+02
2.198333333333333428e+02
2.192500000000000000e+02
2.192222222222222285e+02
2.197222222222222285e+02
2.195555555555555429e+02
2.187222222222222285e+02
2.182222222222222285e+02
2.180277777777777715e+02
2.179722222222222285e+02
2.177500000000000000e+02
2.173055555555555429e+02
2.179444444444444571e+02
2.176944444444444571e+02
2.181388888888888857e+02
2.183055555555555429e+02
2.194444444444444571e+02
2.203055555555555429e+02
2.210277777777777715e+02
2.220000000000000000e+02
2.224166666666666572e+02
2.226111111111111143e+02
2.224166666666666572e+02
2.225555555555555429e+02
2.224444444444444571e+02
2.233611111111111143e+02
2.232500000000000000e+02
2.227500000000000000e+02
2.229444444444444571e+02
2.230833333333333428e+02
2.231666666666666572e+02
2.232777777777777715e+02
2.235000000000000000e+02
2.225555555555555429e+02
2.226388888888888857e+02
2.230555555555555429e+02
2.235000000000000000e+02
2.236388888888888857e+02
2.236666666666666572e+02
2.238888888888888857e+02
2.237777777777777715e+02
2.237500000000000000e+02
2.239166666666666572e+02
2.233888888888888857e+02
2.231944444444444571e+02
2.233888888888888857e+02
2.234166666666666572e+02
2.231111111111111143e+02
2.231111111111111143e+02
2.230555555555555429e+02
2.221666666666666572e+02
2.216666666666666572e+02
2.190277777777777715e+02
2.190833333333333428e+02
2.190833333333333428e+02
2.192500000000000000e+02
2.189722222222222285e+02
2.196944444444444571e+02
2.206388888888888857e+02
2.201111111111111143e+02
2.193333333333333428e+02
2.185277777777777715e+02
2.182500000000000000e+02
2.177222222222222285e+02
2.175555555555555429e+02
2.053611111111111143e+02
1.605000000000000000e+02
1.431666666666666572e+02
1.424722222222222285e+02
1.432222222222222285e+02
1.429166666666666572e+02
1.421944444444444571e+02
1.424166666666666572e+02
1.428888888888888857e+02
1.432777777777777715e+02
1.443888888888888857e+02
1.446111111111111143e+02
1.442500000000000000e+02
1.445000000000000000e+02
1.450555555555555429e+02
1.434166666666666572e+02
1.435833333333333428e+02
1.431944444444444571e+02
1.434444444444444571e+02
1.435555555555555429e+02
1.450277777777777715e+02
1.444444444444444571e+02
1.446666666666666572e+02
1.444722222222222285e+02
1.437777777777777715e+02
1.437500000000000000e+02
1.455833333333333428e+02
1.443055555555555429e+02
1.443611111111111143e+02
1.455833333333333428e+02
1.448888888888888857e+02
1.453888888888888857e+02
1.458333333333333428e+02
1.457222222222222285e+02
1.473611111111111143e+02
1.454444444444444571e+02
1.473055555555555429e+02
1.464444444444444571e+02
1.461666666666666572e+02
1.444722222222222285e+02
1.459166666666666572e+02
1.462777777777777715e+02
1.531944444444444571e+02
1.544166666666666572e+02
2.093333333333333428e+02
2.191388888888888857e+02
2.197500000000000000e+02
2.208888888888888857e+02
2.213888888888888857e+02
2.217500000000000000e+02
2.228611111111111143e+02
2.228333333333333428e+02
2.225555555555555429e+02
2.224722222222222285e+02
2.229444444444444571e+02
2.232222222222222285e+02
2.238611111111111143e+02
2.236388888888888857e+02
2.240833333333333428e+02
2.243055555555555429e+02
2.237777777777777715e+02
2.230000000000000000e+02
2.227500000000000000e+02
2.222222222222222285e+02
2.220833333333333428e+02
1.977777777777777715e+02
1.662777777777777715e+02
1.529444444444444571e+02
1.533611111111111143e+02
1.545277777777777715e+02
1.540000000000000000e+02
1.541111111111111143e+02
1.666944444444444571e+02
1.880277777777777715e+02
2.156666666666666572e+02
2.219722222222222285e+02
2.221111111111111143e+02
2.226666666666666572e+02
2.224722222222222285e+02
2.223055555555555429e+02
2.215555555555555429e+02
2.216111111111111143e+02
2.206944444444444571e+02
2.211111111111111143e+02
2.214444444444444571e+02
2.221666666666666572e+02
2.218055555555555429e+02
2.221388888888888857e+02
2.225277777777777715e+02
2.219444444444444571e+02
2.221944444444444571e+02
2.223611111111111143e+02
2.212777777777777715e+02
2.188055555555555429e+02
2.171388888888888857e+02
2.172777777777777715e+02
2.099166666666666572e+02
1.434444444444444571e+02
1.435833333333333428e+02
1.435277777777777715e+02
1.429166666666666572e+02
1.432500000000000000e+02
1.432222222222222285e+02
1.427500000000000000e+02
1.433888888888888857e+02
1.418333333333333428e+02
1.434722222222222285e+02
1.413611111111111143e+02
1.420277777777777715e+02
1.413333333333333428e+02
1.410000000000000000e+02
1.410277777777777715e+02
1.400833333333333428e+02
1.389722222222222285e+02
1.474444444444444571e+02
1.527500000000000000e+02
1.511111111111111143e+02
1.493888888888888857e+02
1.485555555555555429e+02
1.480277777777777715e+02
1.483055555555555429e+02
1.493888888888888857e+02
1.498055555555555429e+02
1.498611111111111143e+02
1.500277777777777715e+02
1.511388888888888857e+02
1.523888888888888857e+02
1.521111111111111143e+02
1.540277777777777715e+02
1.560833333333333428e+02
1.563333333333333428e+02
1.571666666666666572e+02
1.585000000000000000e+02
1.581388888888888857e+02
1.585277777777777715e+02
1.598888888888888857e+02
1.616111111111111143e+02
1.636666666666666572e+02
2.051388888888888857e+02
2.281666666666666572e+02
2.280277777777777715e+02
2.281111111111111143e+02
2.281388888888888857e+02
2.280555555555555429e+02
2.280277777777777715e+02
2.280555555555555429e+02
2.283611111111111143e+02
2.289722222222222285e+02
2.293055555555555429e+02
2.289722222222222285e+02
2.280277777777777715e+02
2.278888888888888857e+02
2.280000000000000000e+02
2.281111111111111143e+02
2.281111111111111143e+02
2.281388888888888857e+02
2.281944444444444571e+02
2.280000000000000000e+02
2.280000000000000000e+02
2.279722222222222285e+02
2.279722222222222285e+02
2.277500000000000000e+02
2.277222222222222285e+02
2.275555555555555429e+02
2.279444444444444571e+02
2.276666666666666572e+02
2.272777777777777715e+02
2.262500000000000000e+02
2.260000000000000000e+02
2.259444444444444571e+02
2.253333333333333428e+02
2.251111111111111143e+02
2.253611111111111143e+02
2.255277777777777715e+02
2.255277777777777715e+02
2.249444444444444571e+02
2.241944444444444571e+02
2.239166666666666572e+02
2.237777777777777715e+02
2.232500000000000000e+02
2.227500000000000000e+02
2.228611111111111143e+02
2.226388888888888857e+02
2.223055555555555429e+02
2.216944444444444571e+02
2.213333333333333428e+02
2.211666666666666572e+02
2.214166666666666572e+02
2.205555555555555429e+02
2.200555555555555429e+02
2.197500000000000000e+02
2.191111111111111143e+02
2.186944444444444571e+02
2.178611111111111143e+02
2.173055555555555429e+02
2.161388888888888857e+02
1.999444444444444571e+02
1.446944444444444571e+02
1.405000000000000000e+02
1.412222222222222285e+02
1.408888888888888857e+02
1.404444444444444571e+02
1.403333333333333428e+02
1.400000000000000000e+02
1.388888888888888857e+02
1.380277777777777715e+02
1.369166666666666572e+02
1.354444444444444571e+02
1.359444444444444571e+02
1.357500000000000000e+02
1.359166666666666572e+02
1.366111111111111143e+02
1.362222222222222285e+02
1.353333333333333428e+02
