1.463055555555555429e+02
1.458611111111111143e+02
1.453055555555555429e+02
1.462500000000000000e+02
1.465555555555555429e+02
1.465833333333333428e+02
1.464166666666666572e+02
1.489444444444444571e+02
1.489722222222222285e+02
1.495833333333333428e+02
1.491944444444444571e+02
1.489722222222222285e+02
1.487777777777777715e+02
1.490000000000000000e+02
1.484444444444444571e+02
1.486111111111111143e+02
1.479166666666666572e+02
1.488055555555555429e+02
1.490555555555555429e+02
1.492222222222222285e+02
1.483055555555555429e+02
1.486111111111111143e+02
1.504722222222222285e+02
1.480833333333333428e+02
1.484166666666666572e+02
1.777777777777777715e+02
2.014166666666666572e+02
2.204722222222222285e+02
2.202500000000000000e+02
2.202777777777777715e+02
2.208611111111111143e+02
2.210833333333333428e+02
2.202777777777777715e+02
2.201111111111111143e+02
2.199722222222222285e+02
2.200000000000000000e+02
2.198333333333333428e+02
2.201666666666666572e+02
2.196944444444444571e+02
2.199166666666666572e+02
2.200833333333333428e+02
2.196388888888888857e+02
2.185833333333333428e+02
2.184444444444444571e+02
2.183333333333333428e+02
2.181666666666666572e+02
2.185000000000000000e+02
2.185833333333333428e+02
2.185555555555555429e+02
2.189444444444444571e+02
2.192222222222222285e+02
2.197222222222222285e+02
2.195555555555555429e+02
2.190555555555555429e+02
2.190277777777777715e+02
2.187500000000000000e+02
2.184444444444444571e+02
2.188888888888888857e+02
2.187777777777777715e+02
2.189722222222222285e+02
2.187777777777777715e+02
2.190277777777777715e+02
2.188055555555555429e+02
2.187500000000000000e+02
2.185277777777777715e+02
2.191111111111111143e+02
2.192500000000000000e+02
2.195000000000000000e+02
2.209166666666666572e+02
2.201388888888888857e+02
2.201944444444444571e+02
2.201666666666666572e+02
2.203611111111111143e+02
2.199722222222222285e+02
2.203333333333333428e+02
2.201666666666666572e+02
2.198055555555555429e+02
2.198611111111111143e+02
2.196111111111111143e+02
2.199166666666666572e+02
2.197777777777777715e+02
2.195555555555555429e+02
2.195277777777777715e+02
2.195277777777777715e+02
2.190000000000000000e+02
2.189166666666666572e+02
2.190000000000000000e+02
2.190277777777777715e+02
2.190277777777777715e+02
2.190277777777777715e+02
2.198333333333333428e+02
2.200000000000000000e+02
2.195833333333333428e+02
2.191111111111111143e+02
2.190277777777777715e+02
2.190833333333333428e+02
2.190277777777777715e+02
2.196388888888888857e+02
2.193333333333333428e+02
2.196388888888888857e+02
2.195000000000000000e+02
2.191388888888888857e+02
2.190277777777777715e+02
2.190277777777777715e+02
2.188888888888888857e+02
2.190000000000000000e+02
2.189166666666666572e+02
2.187777777777777715e+02
2.187777777777777715e+02
2.191111111111111143e+02
2.195833333333333428e+02
2.200000000000000000e+02
2.190000000000000000e+02
2.194166666666666572e+02
2.128055555555555429e+02
2.052222222222222285e+02
1.956111111111111143e+02
1.882222222222222285e+02
1.851111111111111143e+02
1.833611111111111143e+02
1.870833333333333428e+02
1.927500000000000000e+02
2.020000000000000000e+02
2.146111111111111143e+02
2.174722222222222285e+02
2.172500000000000000e+02
2.165555555555555429e+02
2.172777777777777715e+02
2.170833333333333428e+02
2.168888888888888857e+02
2.166388888888888857e+02
2.167777777777777715e+02
2.157500000000000000e+02
2.158611111111111143e+02
2.158333333333333428e+02
2.156111111111111143e+02
2.162500000000000000e+02
2.160277777777777715e+02
2.158333333333333428e+02
2.161944444444444571e+02
2.162777777777777715e+02
2.161666666666666572e+02
2.163055555555555429e+02
2.160000000000000000e+02
2.158333333333333428e+02
2.155000000000000000e+02
2.157500000000000000e+02
2.156944444444444571e+02
2.154722222222222285e+02
2.153055555555555429e+02
2.148055555555555429e+02
2.146666666666666572e+02
2.142222222222222285e+02
2.148333333333333428e+02
2.145000000000000000e+02
2.140833333333333428e+02
2.139444444444444571e+02
2.134444444444444571e+02
2.135833333333333428e+02
2.137777777777777715e+02
2.135833333333333428e+02
2.132222222222222285e+02
2.130277777777777715e+02
2.128611111111111143e+02
2.129444444444444571e+02
2.127500000000000000e+02
2.125555555555555429e+02
2.122777777777777715e+02
2.125833333333333428e+02
2.130555555555555429e+02
2.127777777777777715e+02
2.123055555555555429e+02
2.128055555555555429e+02
2.129722222222222285e+02
2.125833333333333428e+02
2.126111111111111143e+02
2.127500000000000000e+02
2.124444444444444571e+02
2.123055555555555429e+02
2.120277777777777715e+02
2.118888888888888857e+02
2.114722222222222285e+02
2.118611111111111143e+02
2.117222222222222285e+02
2.118333333333333428e+02
2.114444444444444571e+02
2.120000000000000000e+02
2.119166666666666572e+02
2.125000000000000000e+02
2.122500000000000000e+02
2.126111111111111143e+02
2.130555555555555429e+02
2.131944444444444571e+02
2.126944444444444571e+02
2.128611111111111143e+02
2.137777777777777715e+02
2.138888888888888857e+02
1.878888888888888857e+02
1.395833333333333428e+02
1.389444444444444571e+02
1.392222222222222285e+02
1.395000000000000000e+02
1.399444444444444571e+02
1.402500000000000000e+02
1.401111111111111143e+02
1.396388888888888857e+02
1.392777777777777715e+02
1.397500000000000000e+02
1.396388888888888857e+02
1.390555555555555429e+02
1.395000000000000000e+02
1.392777777777777715e+02
1.396944444444444571e+02
1.400000000000000000e+02
1.403333333333333428e+02
1.405555555555555429e+02
1.416111111111111143e+02
1.417500000000000000e+02
1.417777777777777715e+02
1.418055555555555429e+02
1.416388888888888857e+02
1.416666666666666572e+02
1.414444444444444571e+02
1.416666666666666572e+02
1.425000000000000000e+02
1.426944444444444571e+02
1.414166666666666572e+02
1.422500000000000000e+02
1.416666666666666572e+02
1.422222222222222285e+02
1.430000000000000000e+02
1.431666666666666572e+02
1.432500000000000000e+02
1.432222222222222285e+02
1.433611111111111143e+02
1.429444444444444571e+02
1.436944444444444571e+02
1.441111111111111143e+02
1.440833333333333428e+02
1.451111111111111143e+02
1.452777777777777715e+02
1.446944444444444571e+02
1.460000000000000000e+02
1.462500000000000000e+02
1.453611111111111143e+02
1.462222222222222285e+02
1.456111111111111143e+02
1.449444444444444571e+02
1.450833333333333428e+02
1.453055555555555429e+02
1.451111111111111143e+02
1.457222222222222285e+02
1.453888888888888857e+02
1.458888888888888857e+02
1.453055555555555429e+02
1.455555555555555429e+02
1.451111111111111143e+02
1.451666666666666572e+02
1.453333333333333428e+02
1.453333333333333428e+02
1.456111111111111143e+02
1.451944444444444571e+02
1.451944444444444571e+02
1.455555555555555429e+02
1.460000000000000000e+02
1.459166666666666572e+02
1.459722222222222285e+02
1.469166666666666572e+02
1.474166666666666572e+02
1.473611111111111143e+02
1.470000000000000000e+02
1.471944444444444571e+02
1.475000000000000000e+02
1.470833333333333428e+02
1.459166666666666572e+02
1.459722222222222285e+02
1.468611111111111143e+02
1.461944444444444571e+02
1.473611111111111143e+02
1.473055555555555429e+02
1.473055555555555429e+02
1.487500000000000000e+02
1.480833333333333428e+02
1.483333333333333428e+02
1.475833333333333428e+02
1.477222222222222285e+02
1.465277777777777715e+02
1.476388888888888857e+02
1.483888888888888857e+02
1.471111111111111143e+02
1.468888888888888857e+02
1.472777777777777715e+02
1.469166666666666572e+02
1.476666666666666572e+02
1.483333333333333428e+02
1.480833333333333428e+02
1.489444444444444571e+02
1.490833333333333428e+02
1.494444444444444571e+02
1.495555555555555429e+02
1.479722222222222285e+02
1.485555555555555429e+02
1.494722222222222285e+02
1.494444444444444571e+02
1.491111111111111143e+02
1.503055555555555429e+02
1.503055555555555429e+02
1.499166666666666572e+02
1.494722222222222285e+02
1.490000000000000000e+02
1.495833333333333428e+02
1.495000000000000000e+02
1.492777777777777715e+02
1.491111111111111143e+02
1.495000000000000000e+02
1.501944444444444571e+02
1.503611111111111143e+02
1.499166666666666572e+02
1.488611111111111143e+02
1.486388888888888857e+02
1.495277777777777715e+02
1.478888888888888857e+02
1.491666666666666572e+02
1.501666666666666572e+02
1.494722222222222285e+02
1.488611111111111143e+02
1.486111111111111143e+02
1.478888888888888857e+02
1.459444444444444571e+02
1.591944444444444571e+02
1.871388888888888857e+02
2.205555555555555429e+02
2.203611111111111143e+02
2.207500000000000000e+02
2.200000000000000000e+02
2.200000000000000000e+02
2.201944444444444571e+02
2.201388888888888857e+02
2.201944444444444571e+02
2.201111111111111143e+02
2.196388888888888857e+02
2.195833333333333428e+02
2.190000000000000000e+02
2.180555555555555429e+02
2.184444444444444571e+02
2.183055555555555429e+02
2.179166666666666572e+02
2.185000000000000000e+02
2.190555555555555429e+02
2.189722222222222285e+02
2.188611111111111143e+02
2.189722222222222285e+02
2.189722222222222285e+02
2.191388888888888857e+02
2.190555555555555429e+02
2.190000000000000000e+02
2.192222222222222285e+02
2.195833333333333428e+02
2.199444444444444571e+02
2.200277777777777715e+02
2.199722222222222285e+02
2.197500000000000000e+02
2.197222222222222285e+02
2.202222222222222285e+02
2.194722222222222285e+02
2.194722222222222285e+02
2.193888888888888857e+02
2.191944444444444571e+02
2.190833333333333428e+02
2.194444444444444571e+02
2.191944444444444571e+02
2.196666666666666572e+02
2.199722222222222285e+02
2.201666666666666572e+02
2.203611111111111143e+02
2.206388888888888857e+02
2.205277777777777715e+02
2.201111111111111143e+02
2.203888888888888857e+02
2.203611111111111143e+02
2.201944444444444571e+02
2.201666666666666572e+02
2.205277777777777715e+02
2.202222222222222285e+02
2.212777777777777715e+02
2.220833333333333428e+02
2.216944444444444571e+02
2.216944444444444571e+02
2.203333333333333428e+02
2.203333333333333428e+02
2.203333333333333428e+02
2.204166666666666572e+02
2.198333333333333428e+02
2.202222222222222285e+02
2.200000000000000000e+02
2.200000000000000000e+02
2.201111111111111143e+02
2.201944444444444571e+02
2.146388888888888857e+02
2.042500000000000000e+02
1.918611111111111143e+02
1.869444444444444571e+02
1.875000000000000000e+02
1.856111111111111143e+02
1.855555555555555429e+02
1.853333333333333428e+02
1.889166666666666572e+02
1.929444444444444571e+02
1.949166666666666572e+02
1.946944444444444571e+02
1.902500000000000000e+02
1.868888888888888857e+02
1.802222222222222285e+02
1.773888888888888857e+02
1.750277777777777715e+02
1.744166666666666572e+02
1.752500000000000000e+02
1.733888888888888857e+02
1.754722222222222285e+02
1.825000000000000000e+02
1.909722222222222285e+02
2.046666666666666572e+02
2.183888888888888857e+02
2.195833333333333428e+02
2.192500000000000000e+02
2.192222222222222285e+02
2.179166666666666572e+02
2.189444444444444571e+02
2.188333333333333428e+02
2.184722222222222285e+02
2.183055555555555429e+02
2.178888888888888857e+02
2.179166666666666572e+02
2.185555555555555429e+02
2.186666666666666572e+02
2.184722222222222285e+02
2.190000000000000000e+02
2.183888888888888857e+02
2.179722222222222285e+02
2.180277777777777715e+02
2.181111111111111143e+02
2.181388888888888857e+02
2.176944444444444571e+02
2.171666666666666572e+02
2.172777777777777715e+02
2.170555555555555429e+02
2.171666666666666572e+02
2.170000000000000000e+02
2.167222222222222285e+02
2.165555555555555429e+02
2.163888888888888857e+02
2.164166666666666572e+02
2.161388888888888857e+02
2.151111111111111143e+02
2.151111111111111143e+02
2.150277777777777715e+02
2.157222222222222285e+02
2.150833333333333428e+02
2.153333333333333428e+02
2.148611111111111143e+02
2.151388888888888857e+02
2.150000000000000000e+02
2.151111111111111143e+02
2.153611111111111143e+02
2.148888888888888857e+02
2.149444444444444571e+02
2.148611111111111143e+02
2.144722222222222285e+02
2.144722222222222285e+02
2.149722222222222285e+02
2.146944444444444571e+02
2.148333333333333428e+02
2.147222222222222285e+02
2.144444444444444571e+02
2.144166666666666572e+02
2.138611111111111143e+02
2.137222222222222285e+02
2.137222222222222285e+02
2.139444444444444571e+02
2.134444444444444571e+02
2.135833333333333428e+02
2.136666666666666572e+02
2.141111111111111143e+02
2.143611111111111143e+02
2.142222222222222285e+02
2.146388888888888857e+02
2.149444444444444571e+02
2.153055555555555429e+02
2.149722222222222285e+02
2.149166666666666572e+02
2.153055555555555429e+02
2.155833333333333428e+02
2.157500000000000000e+02
1.897500000000000000e+02
1.511388888888888857e+02
1.409166666666666572e+02
1.425833333333333428e+02
1.425833333333333428e+02
1.427500000000000000e+02
1.428055555555555429e+02
1.432500000000000000e+02
1.419444444444444571e+02
1.427222222222222285e+02
1.426666666666666572e+02
1.432222222222222285e+02
1.435000000000000000e+02
1.428611111111111143e+02
1.438611111111111143e+02
1.436666666666666572e+02
1.434722222222222285e+02
1.438333333333333428e+02
1.443888888888888857e+02
1.448055555555555429e+02
1.440000000000000000e+02
1.458055555555555429e+02
1.452777777777777715e+02
1.457777777777777715e+02
1.448611111111111143e+02
1.454444444444444571e+02
1.452500000000000000e+02
1.462222222222222285e+02
1.459722222222222285e+02
1.454166666666666572e+02
1.460000000000000000e+02
1.454444444444444571e+02
1.458333333333333428e+02
1.456944444444444571e+02
1.465555555555555429e+02
1.463611111111111143e+02
1.471666666666666572e+02
1.463888888888888857e+02
1.467500000000000000e+02
1.471666666666666572e+02
1.470000000000000000e+02
1.470555555555555429e+02
1.468888888888888857e+02
1.474722222222222285e+02
1.466388888888888857e+02
1.467500000000000000e+02
1.467222222222222285e+02
1.456111111111111143e+02
1.461388888888888857e+02
1.472500000000000000e+02
1.466111111111111143e+02
1.478333333333333428e+02
1.475000000000000000e+02
1.486388888888888857e+02
1.488888888888888857e+02
1.475000000000000000e+02
1.489444444444444571e+02
1.483055555555555429e+02
1.489444444444444571e+02
1.494444444444444571e+02
1.503055555555555429e+02
1.493888888888888857e+02
1.493611111111111143e+02
1.485000000000000000e+02
1.489722222222222285e+02
1.479722222222222285e+02
1.486111111111111143e+02
1.478055555555555429e+02
1.477500000000000000e+02
1.471388888888888857e+02
1.465833333333333428e+02
1.475277777777777715e+02
1.475833333333333428e+02
1.476666666666666572e+02
1.478333333333333428e+02
1.467500000000000000e+02
1.464166666666666572e+02
1.465555555555555429e+02
1.461666666666666572e+02
1.463888888888888857e+02
1.466111111111111143e+02
1.466666666666666572e+02
1.477500000000000000e+02
1.465277777777777715e+02
1.470833333333333428e+02
1.469722222222222285e+02
1.474166666666666572e+02
1.469444444444444571e+02
1.473611111111111143e+02
1.472777777777777715e+02
1.475277777777777715e+02
1.473333333333333428e+02
1.475555555555555429e+02
1.478888888888888857e+02
1.481944444444444571e+02
1.480000000000000000e+02
1.483611111111111143e+02
1.483888888888888857e+02
1.489166666666666572e+02
1.486388888888888857e+02
1.489444444444444571e+02
1.481111111111111143e+02
1.483055555555555429e+02
1.475277777777777715e+02
1.492777777777777715e+02
1.483333333333333428e+02
1.485000000000000000e+02
1.486666666666666572e+02
1.471666666666666572e+02
1.484166666666666572e+02
1.491111111111111143e+02
1.487500000000000000e+02
1.485000000000000000e+02
1.490277777777777715e+02
1.478333333333333428e+02
1.491944444444444571e+02
1.507777777777777715e+02
1.501666666666666572e+02
1.496388888888888857e+02
1.493333333333333428e+02
1.481388888888888857e+02
1.437777777777777715e+02
1.720000000000000000e+02
2.064444444444444571e+02
2.204166666666666572e+02
2.205277777777777715e+02
2.203888888888888857e+02
2.209166666666666572e+02
2.208055555555555429e+02
2.206944444444444571e+02
2.203055555555555429e+02
2.199722222222222285e+02
2.193611111111111143e+02
2.191666666666666572e+02
2.186944444444444571e+02
2.186388888888888857e+02
2.184166666666666572e+02
2.183055555555555429e+02
2.186388888888888857e+02
2.188333333333333428e+02
2.196666666666666572e+02
2.192777777777777715e+02
2.190833333333333428e+02
2.196944444444444571e+02
2.193055555555555429e+02
2.200000000000000000e+02
2.198055555555555429e+02
2.192500000000000000e+02
2.190833333333333428e+02
2.195555555555555429e+02
2.189444444444444571e+02
2.188055555555555429e+02
2.187500000000000000e+02
2.191666666666666572e+02
2.201388888888888857e+02
2.210555555555555429e+02
2.208611111111111143e+02
2.205833333333333428e+02
2.211666666666666572e+02
2.213888888888888857e+02
2.211388888888888857e+02
2.213888888888888857e+02
2.208888888888888857e+02
2.222500000000000000e+02
2.214444444444444571e+02
2.217500000000000000e+02
2.218888888888888857e+02
2.218611111111111143e+02
2.230277777777777715e+02
2.071944444444444571e+02
1.857500000000000000e+02
1.651944444444444571e+02
1.533888888888888857e+02
1.521111111111111143e+02
1.527500000000000000e+02
1.516666666666666572e+02
1.517222222222222285e+02
1.521388888888888857e+02
1.518333333333333428e+02
1.523888888888888857e+02
1.521111111111111143e+02
1.524166666666666572e+02
1.528611111111111143e+02
1.532222222222222285e+02
1.533333333333333428e+02
1.530833333333333428e+02
1.543888888888888857e+02
1.534166666666666572e+02
1.536388888888888857e+02
1.522500000000000000e+02
1.525833333333333428e+02
1.527500000000000000e+02
1.525555555555555429e+02
1.522500000000000000e+02
1.522500000000000000e+02
1.523611111111111143e+02
1.526666666666666572e+02
1.519444444444444571e+02
1.525833333333333428e+02
1.516666666666666572e+02
1.508611111111111143e+02
1.513055555555555429e+02
1.511111111111111143e+02
1.511944444444444571e+02
1.511388888888888857e+02
1.488611111111111143e+02
1.492222222222222285e+02
1.576944444444444571e+02
1.666944444444444571e+02
1.718611111111111143e+02
1.821666666666666572e+02
1.892777777777777715e+02
1.978333333333333428e+02
2.078611111111111143e+02
2.121666666666666572e+02
2.125277777777777715e+02
2.112222222222222285e+02
2.086944444444444571e+02
2.061111111111111143e+02
2.085000000000000000e+02
2.163333333333333428e+02
2.188888888888888857e+02
2.192500000000000000e+02
2.190277777777777715e+02
2.187222222222222285e+02
2.189722222222222285e+02
2.182500000000000000e+02
2.190555555555555429e+02
2.181111111111111143e+02
2.189444444444444571e+02
2.187500000000000000e+02
2.190000000000000000e+02
2.181388888888888857e+02
2.178055555555555429e+02
2.178611111111111143e+02
2.180000000000000000e+02
2.175555555555555429e+02
2.177222222222222285e+02
2.170833333333333428e+02
2.179166666666666572e+02
2.179166666666666572e+02
2.179722222222222285e+02
2.182500000000000000e+02
2.184166666666666572e+02
2.180277777777777715e+02
2.173888888888888857e+02
2.164722222222222285e+02
2.169166666666666572e+02
2.169722222222222285e+02
2.165555555555555429e+02
2.169722222222222285e+02
2.166944444444444571e+02
2.165555555555555429e+02
2.169166666666666572e+02
2.165833333333333428e+02
2.165277777777777715e+02
2.166388888888888857e+02
2.158055555555555429e+02
2.158333333333333428e+02
2.150833333333333428e+02
2.148333333333333428e+02
2.149722222222222285e+02
2.148611111111111143e+02
2.147777777777777715e+02
2.148055555555555429e+02
2.149722222222222285e+02
2.143055555555555429e+02
2.142222222222222285e+02
2.147777777777777715e+02
2.140833333333333428e+02
2.141388888888888857e+02
2.139444444444444571e+02
2.138055555555555429e+02
2.138055555555555429e+02
2.136111111111111143e+02
2.133611111111111143e+02
2.130277777777777715e+02
2.135555555555555429e+02
2.135000000000000000e+02
2.135000000000000000e+02
2.135277777777777715e+02
2.134722222222222285e+02
2.131944444444444571e+02
2.129722222222222285e+02
2.125833333333333428e+02
2.123888888888888857e+02
2.125277777777777715e+02
2.120277777777777715e+02
2.120277777777777715e+02
2.120277777777777715e+02
2.122500000000000000e+02
2.118333333333333428e+02
2.121944444444444571e+02
2.125277777777777715e+02
2.121944444444444571e+02
2.121388888888888857e+02
2.121666666666666572e+02
2.116666666666666572e+02
2.117222222222222285e+02
2.116666666666666572e+02
2.115833333333333428e+02
2.121388888888888857e+02
2.124444444444444571e+02
2.127500000000000000e+02
2.131111111111111143e+02
2.134722222222222285e+02
2.132500000000000000e+02
2.132500000000000000e+02
2.128888888888888857e+02
2.129444444444444571e+02
2.135555555555555429e+02
2.133611111111111143e+02
2.108611111111111143e+02
1.649444444444444571e+02
1.400833333333333428e+02
1.399722222222222285e+02
1.409722222222222285e+02
1.408055555555555429e+02
1.408333333333333428e+02
1.408611111111111143e+02
1.409722222222222285e+02
1.401388888888888857e+02
1.411111111111111143e+02
1.414722222222222285e+02
1.408055555555555429e+02
1.416944444444444571e+02
1.415833333333333428e+02
1.410555555555555429e+02
1.403888888888888857e+02
1.404444444444444571e+02
1.403055555555555429e+02
1.405000000000000000e+02
1.402222222222222285e+02
1.393611111111111143e+02
1.394722222222222285e+02
1.383888888888888857e+02
1.405833333333333428e+02
1.396111111111111143e+02
1.410277777777777715e+02
1.412222222222222285e+02
1.409722222222222285e+02
1.413333333333333428e+02
1.403888888888888857e+02
1.403888888888888857e+02
1.394166666666666572e+02
1.399444444444444571e+02
1.394444444444444571e+02
1.396111111111111143e+02
1.400000000000000000e+02
1.399444444444444571e+02
1.396388888888888857e+02
1.405000000000000000e+02
1.403611111111111143e+02
1.405555555555555429e+02
1.416944444444444571e+02
1.410000000000000000e+02
1.417222222222222285e+02
1.413333333333333428e+02
1.405277777777777715e+02
1.413333333333333428e+02
1.413333333333333428e+02
1.415277777777777715e+02
1.424444444444444571e+02
1.423333333333333428e+02
1.419166666666666572e+02
1.424444444444444571e+02
1.413055555555555429e+02
1.418055555555555429e+02
1.416111111111111143e+02
1.415555555555555429e+02
1.424722222222222285e+02
1.424444444444444571e+02
1.437222222222222285e+02
1.432500000000000000e+02
1.433611111111111143e+02
1.440277777777777715e+02
1.441944444444444571e+02
1.453333333333333428e+02
1.450277777777777715e+02
1.444722222222222285e+02
1.448055555555555429e+02
1.439722222222222285e+02
1.445833333333333428e+02
1.445000000000000000e+02
1.455277777777777715e+02
1.442777777777777715e+02
1.441111111111111143e+02
1.448611111111111143e+02
1.446111111111111143e+02
1.456111111111111143e+02
1.464722222222222285e+02
1.466388888888888857e+02
1.462222222222222285e+02
1.461388888888888857e+02
1.465555555555555429e+02
1.469722222222222285e+02
1.475000000000000000e+02
1.466666666666666572e+02
1.463055555555555429e+02
1.467500000000000000e+02
1.466111111111111143e+02
1.463888888888888857e+02
