1.450277777777777715e+02
1.447222222222222285e+02
1.447222222222222285e+02
1.445555555555555429e+02
1.445833333333333428e+02
1.444444444444444571e+02
1.445277777777777715e+02
1.455000000000000000e+02
1.456944444444444571e+02
1.451666666666666572e+02
1.444166666666666572e+02
1.448333333333333428e+02
1.455833333333333428e+02
1.449444444444444571e+02
1.451944444444444571e+02
1.450000000000000000e+02
1.451111111111111143e+02
1.439444444444444571e+02
1.438888888888888857e+02
1.446666666666666572e+02
1.436111111111111143e+02
1.452500000000000000e+02
1.451388888888888857e+02
1.449444444444444571e+02
1.452222222222222285e+02
1.452500000000000000e+02
1.450277777777777715e+02
1.450555555555555429e+02
1.452222222222222285e+02
1.451666666666666572e+02
1.436111111111111143e+02
1.448333333333333428e+02
1.528055555555555429e+02
2.158888888888888857e+02
2.168333333333333428e+02
2.179444444444444571e+02
2.171666666666666572e+02
2.169166666666666572e+02
2.162500000000000000e+02
2.168055555555555429e+02
2.165000000000000000e+02
2.166388888888888857e+02
2.170277777777777715e+02
2.172222222222222285e+02
2.168333333333333428e+02
2.167222222222222285e+02
2.167500000000000000e+02
2.169166666666666572e+02
2.169166666666666572e+02
2.164444444444444571e+02
2.165555555555555429e+02
2.162222222222222285e+02
2.161666666666666572e+02
2.162222222222222285e+02
2.156111111111111143e+02
2.156111111111111143e+02
2.156944444444444571e+02
2.154722222222222285e+02
2.150833333333333428e+02
2.155555555555555429e+02
2.157777777777777715e+02
2.154444444444444571e+02
2.158888888888888857e+02
2.154166666666666572e+02
2.156111111111111143e+02
2.149722222222222285e+02
2.151666666666666572e+02
2.145277777777777715e+02
2.144722222222222285e+02
2.149722222222222285e+02
2.149444444444444571e+02
2.149166666666666572e+02
2.148333333333333428e+02
2.149444444444444571e+02
2.147777777777777715e+02
2.146666666666666572e+02
2.147222222222222285e+02
2.142777777777777715e+02
2.146666666666666572e+02
2.171111111111111143e+02
2.173888888888888857e+02
2.174722222222222285e+02
2.182500000000000000e+02
2.181111111111111143e+02
2.187222222222222285e+02
2.185833333333333428e+02
2.189722222222222285e+02
2.190833333333333428e+02
2.188611111111111143e+02
2.185833333333333428e+02
2.190833333333333428e+02
2.185555555555555429e+02
2.182777777777777715e+02
2.183611111111111143e+02
2.188611111111111143e+02
2.186388888888888857e+02
2.186666666666666572e+02
2.195555555555555429e+02
2.194166666666666572e+02
2.196944444444444571e+02
2.197777777777777715e+02
2.196388888888888857e+02
2.201111111111111143e+02
2.191944444444444571e+02
2.191111111111111143e+02
2.190555555555555429e+02
2.189722222222222285e+02
2.187222222222222285e+02
2.190555555555555429e+02
2.189722222222222285e+02
2.188055555555555429e+02
2.193888888888888857e+02
2.195277777777777715e+02
2.133055555555555429e+02
1.954444444444444571e+02
1.867222222222222285e+02
1.725833333333333428e+02
1.702777777777777715e+02
1.612222222222222285e+02
1.585277777777777715e+02
1.525555555555555429e+02
1.486388888888888857e+02
1.513055555555555429e+02
1.512500000000000000e+02
1.524166666666666572e+02
1.522222222222222285e+02
1.518055555555555429e+02
1.519722222222222285e+02
1.519166666666666572e+02
1.526944444444444571e+02
1.525000000000000000e+02
1.517777777777777715e+02
1.522777777777777715e+02
1.526111111111111143e+02
1.525555555555555429e+02
1.528888888888888857e+02
1.531944444444444571e+02
1.526388888888888857e+02
1.531388888888888857e+02
1.525000000000000000e+02
1.524722222222222285e+02
1.515000000000000000e+02
1.516111111111111143e+02
1.500277777777777715e+02
1.507222222222222285e+02
1.508611111111111143e+02
1.509722222222222285e+02
1.507500000000000000e+02
1.511388888888888857e+02
1.510555555555555429e+02
1.505277777777777715e+02
1.503888888888888857e+02
1.511111111111111143e+02
1.503333333333333428e+02
1.508055555555555429e+02
1.506111111111111143e+02
1.503333333333333428e+02
1.505555555555555429e+02
1.506666666666666572e+02
1.493611111111111143e+02
1.630000000000000000e+02
1.742500000000000000e+02
1.842222222222222285e+02
1.894722222222222285e+02
1.930277777777777715e+02
2.029166666666666572e+02
2.152222222222222285e+02
2.199444444444444571e+02
2.195833333333333428e+02
2.201944444444444571e+02
2.210277777777777715e+02
2.194444444444444571e+02
2.188333333333333428e+02
2.189722222222222285e+02
2.177500000000000000e+02
2.183888888888888857e+02
2.175277777777777715e+02
2.177500000000000000e+02
2.185277777777777715e+02
2.188055555555555429e+02
2.190277777777777715e+02
2.187222222222222285e+02
2.188611111111111143e+02
2.191388888888888857e+02
2.183333333333333428e+02
2.186944444444444571e+02
2.179166666666666572e+02
2.172222222222222285e+02
2.169166666666666572e+02
2.169166666666666572e+02
2.170000000000000000e+02
2.172222222222222285e+02
2.170833333333333428e+02
2.170000000000000000e+02
2.164166666666666572e+02
2.170833333333333428e+02
2.162777777777777715e+02
2.163055555555555429e+02
2.151111111111111143e+02
2.153611111111111143e+02
2.151666666666666572e+02
2.150833333333333428e+02
2.150555555555555429e+02
2.150833333333333428e+02
2.151111111111111143e+02
2.148611111111111143e+02
2.149444444444444571e+02
2.148055555555555429e+02
2.149166666666666572e+02
2.150000000000000000e+02
2.150277777777777715e+02
2.147777777777777715e+02
2.146388888888888857e+02
2.143333333333333428e+02
2.141111111111111143e+02
2.138888888888888857e+02
2.132500000000000000e+02
2.132500000000000000e+02
2.128888888888888857e+02
2.127777777777777715e+02
2.130000000000000000e+02
2.129722222222222285e+02
2.124166666666666572e+02
2.128055555555555429e+02
2.123611111111111143e+02
2.122500000000000000e+02
2.114722222222222285e+02
2.118611111111111143e+02
2.118333333333333428e+02
2.114444444444444571e+02
2.116111111111111143e+02
2.114722222222222285e+02
2.111111111111111143e+02
2.112777777777777715e+02
2.115277777777777715e+02
2.111666666666666572e+02
2.116111111111111143e+02
2.113055555555555429e+02
2.110277777777777715e+02
2.110000000000000000e+02
2.110000000000000000e+02
2.106111111111111143e+02
2.106111111111111143e+02
2.107222222222222285e+02
2.105833333333333428e+02
2.108333333333333428e+02
2.108611111111111143e+02
2.114166666666666572e+02
2.112222222222222285e+02
2.119166666666666572e+02
2.120555555555555429e+02
2.128055555555555429e+02
2.126111111111111143e+02
2.125555555555555429e+02
2.130277777777777715e+02
2.129722222222222285e+02
1.786666666666666572e+02
1.379166666666666572e+02
1.390000000000000000e+02
1.393333333333333428e+02
1.400833333333333428e+02
1.398611111111111143e+02
1.401666666666666572e+02
1.399166666666666572e+02
1.404444444444444571e+02
1.403888888888888857e+02
1.404722222222222285e+02
1.396388888888888857e+02
1.392500000000000000e+02
1.396111111111111143e+02
1.395833333333333428e+02
1.400277777777777715e+02
1.401944444444444571e+02
1.403333333333333428e+02
1.399166666666666572e+02
1.398333333333333428e+02
1.403055555555555429e+02
1.401666666666666572e+02
1.399166666666666572e+02
1.397222222222222285e+02
1.406111111111111143e+02
1.409444444444444571e+02
1.405555555555555429e+02
1.405555555555555429e+02
1.397500000000000000e+02
1.405000000000000000e+02
1.406111111111111143e+02
1.406388888888888857e+02
1.410555555555555429e+02
1.413333333333333428e+02
1.410000000000000000e+02
1.410833333333333428e+02
1.414722222222222285e+02
1.411944444444444571e+02
1.406666666666666572e+02
1.410000000000000000e+02
1.416111111111111143e+02
1.422500000000000000e+02
1.427777777777777715e+02
1.438888888888888857e+02
1.450000000000000000e+02
1.437222222222222285e+02
1.435000000000000000e+02
1.443611111111111143e+02
1.435833333333333428e+02
1.437777777777777715e+02
1.438055555555555429e+02
1.433611111111111143e+02
1.446111111111111143e+02
1.439722222222222285e+02
1.444444444444444571e+02
1.448888888888888857e+02
1.451944444444444571e+02
1.457222222222222285e+02
1.456111111111111143e+02
1.449166666666666572e+02
1.450833333333333428e+02
1.449722222222222285e+02
1.442777777777777715e+02
1.463055555555555429e+02
1.479166666666666572e+02
1.474722222222222285e+02
1.478055555555555429e+02
1.482777777777777715e+02
1.475000000000000000e+02
1.505277777777777715e+02
1.505833333333333428e+02
1.497222222222222285e+02
1.502222222222222285e+02
1.502222222222222285e+02
1.499722222222222285e+02
1.501111111111111143e+02
1.511944444444444571e+02
1.504444444444444571e+02
1.528333333333333428e+02
1.524722222222222285e+02
1.520000000000000000e+02
1.535555555555555429e+02
1.531666666666666572e+02
1.530000000000000000e+02
1.531944444444444571e+02
1.530833333333333428e+02
1.530555555555555429e+02
1.521111111111111143e+02
1.525833333333333428e+02
1.522500000000000000e+02
1.525277777777777715e+02
1.529444444444444571e+02
1.531111111111111143e+02
1.540833333333333428e+02
1.530000000000000000e+02
1.541666666666666572e+02
1.529444444444444571e+02
1.537222222222222285e+02
1.540555555555555429e+02
1.545277777777777715e+02
1.543055555555555429e+02
1.535833333333333428e+02
1.537222222222222285e+02
1.537222222222222285e+02
1.534444444444444571e+02
1.529444444444444571e+02
1.532222222222222285e+02
1.532777777777777715e+02
1.532500000000000000e+02
1.534444444444444571e+02
1.536388888888888857e+02
1.538611111111111143e+02
1.548888888888888857e+02
1.556111111111111143e+02
1.558333333333333428e+02
1.550000000000000000e+02
1.541388888888888857e+02
1.551388888888888857e+02
1.543333333333333428e+02
1.545555555555555429e+02
1.541111111111111143e+02
1.538888888888888857e+02
1.541111111111111143e+02
1.545000000000000000e+02
1.540833333333333428e+02
1.546944444444444571e+02
1.548055555555555429e+02
1.553611111111111143e+02
1.547500000000000000e+02
1.555833333333333428e+02
1.548888888888888857e+02
1.556388888888888857e+02
1.550555555555555429e+02
1.556666666666666572e+02
1.544722222222222285e+02
1.546666666666666572e+02
1.546944444444444571e+02
1.537777777777777715e+02
1.537500000000000000e+02
1.525833333333333428e+02
1.533888888888888857e+02
1.540277777777777715e+02
1.544444444444444571e+02
1.543333333333333428e+02
1.537222222222222285e+02
1.526944444444444571e+02
1.532500000000000000e+02
1.518333333333333428e+02
1.519444444444444571e+02
1.513888888888888857e+02
1.515000000000000000e+02
1.535000000000000000e+02
1.534166666666666572e+02
1.529166666666666572e+02
1.539166666666666572e+02
1.467222222222222285e+02
1.855000000000000000e+02
2.239166666666666572e+02
2.239444444444444571e+02
2.235555555555555429e+02
2.233055555555555429e+02
2.236111111111111143e+02
2.237777777777777715e+02
2.231666666666666572e+02
2.228333333333333428e+02
2.226666666666666572e+02
2.229722222222222285e+02
2.225000000000000000e+02
2.227222222222222285e+02
2.226944444444444571e+02
2.227500000000000000e+02
2.230277777777777715e+02
2.231111111111111143e+02
2.227777777777777715e+02
2.227222222222222285e+02
2.225555555555555429e+02
2.219722222222222285e+02
2.219444444444444571e+02
2.213888888888888857e+02
2.216944444444444571e+02
2.213611111111111143e+02
2.213055555555555429e+02
2.212222222222222285e+02
2.207500000000000000e+02
2.208888888888888857e+02
2.209722222222222285e+02
2.213055555555555429e+02
2.215277777777777715e+02
2.220555555555555429e+02
2.224166666666666572e+02
2.230833333333333428e+02
2.229722222222222285e+02
2.236111111111111143e+02
2.232777777777777715e+02
2.231666666666666572e+02
2.239722222222222285e+02
2.238611111111111143e+02
2.234166666666666572e+02
2.240833333333333428e+02
1.988611111111111143e+02
1.690000000000000000e+02
1.558055555555555429e+02
1.558611111111111143e+02
1.566666666666666572e+02
1.557500000000000000e+02
1.554722222222222285e+02
1.548888888888888857e+02
1.544444444444444571e+02
1.549166666666666572e+02
1.553055555555555429e+02
1.539722222222222285e+02
1.550277777777777715e+02
1.548888888888888857e+02
1.551666666666666572e+02
1.563611111111111143e+02
1.561944444444444571e+02
1.565833333333333428e+02
1.561944444444444571e+02
1.564166666666666572e+02
1.559444444444444571e+02
1.568333333333333428e+02
1.565555555555555429e+02
1.563333333333333428e+02
1.561111111111111143e+02
1.565277777777777715e+02
1.562500000000000000e+02
1.557222222222222285e+02
1.557222222222222285e+02
1.550000000000000000e+02
1.548611111111111143e+02
1.539166666666666572e+02
1.530555555555555429e+02
1.536111111111111143e+02
1.532222222222222285e+02
1.523055555555555429e+02
1.523333333333333428e+02
1.530000000000000000e+02
1.526388888888888857e+02
1.530000000000000000e+02
1.531388888888888857e+02
1.525000000000000000e+02
1.520277777777777715e+02
1.521666666666666572e+02
1.521388888888888857e+02
1.520833333333333428e+02
1.524166666666666572e+02
1.513611111111111143e+02
1.522222222222222285e+02
1.528611111111111143e+02
1.538333333333333428e+02
1.538611111111111143e+02
1.543055555555555429e+02
1.539722222222222285e+02
1.540277777777777715e+02
1.537777777777777715e+02
1.521666666666666572e+02
1.521944444444444571e+02
1.524722222222222285e+02
1.522777777777777715e+02
1.520277777777777715e+02
1.518055555555555429e+02
1.521944444444444571e+02
1.512500000000000000e+02
1.514444444444444571e+02
1.515833333333333428e+02
1.508333333333333428e+02
1.506388888888888857e+02
1.504722222222222285e+02
1.507777777777777715e+02
1.510833333333333428e+02
1.510000000000000000e+02
1.515000000000000000e+02
1.510833333333333428e+02
1.515555555555555429e+02
1.506666666666666572e+02
1.497777777777777715e+02
1.488333333333333428e+02
1.498333333333333428e+02
1.498333333333333428e+02
1.496666666666666572e+02
1.496111111111111143e+02
1.490000000000000000e+02
1.484444444444444571e+02
1.468333333333333428e+02
1.464166666666666572e+02
1.455833333333333428e+02
1.476111111111111143e+02
1.488055555555555429e+02
1.508055555555555429e+02
1.489444444444444571e+02
1.476666666666666572e+02
1.504722222222222285e+02
1.527222222222222285e+02
1.637777777777777715e+02
1.806666666666666572e+02
1.968611111111111143e+02
2.169722222222222285e+02
2.171944444444444571e+02
2.173055555555555429e+02
2.178611111111111143e+02
2.182500000000000000e+02
2.177777777777777715e+02
2.191388888888888857e+02
2.186111111111111143e+02
2.189166666666666572e+02
2.181388888888888857e+02
2.177222222222222285e+02
2.172222222222222285e+02
2.170000000000000000e+02
2.167777777777777715e+02
2.166666666666666572e+02
2.169444444444444571e+02
2.171111111111111143e+02
2.171666666666666572e+02
2.168333333333333428e+02
2.170555555555555429e+02
2.170000000000000000e+02
2.169444444444444571e+02
2.168055555555555429e+02
2.169166666666666572e+02
2.169722222222222285e+02
2.168888888888888857e+02
2.168611111111111143e+02
2.163611111111111143e+02
2.167222222222222285e+02
2.158055555555555429e+02
2.159444444444444571e+02
2.153333333333333428e+02
2.153611111111111143e+02
2.153888888888888857e+02
2.160555555555555429e+02
2.168333333333333428e+02
2.170000000000000000e+02
2.175277777777777715e+02
2.170277777777777715e+02
2.171388888888888857e+02
2.170555555555555429e+02
2.162777777777777715e+02
2.160555555555555429e+02
2.160833333333333428e+02
2.041944444444444571e+02
1.531388888888888857e+02
1.432222222222222285e+02
1.437222222222222285e+02
1.443888888888888857e+02
1.444722222222222285e+02
1.451388888888888857e+02
1.445000000000000000e+02
1.446666666666666572e+02
1.445277777777777715e+02
1.451388888888888857e+02
1.450000000000000000e+02
1.441388888888888857e+02
1.452500000000000000e+02
1.451666666666666572e+02
1.456388888888888857e+02
1.448611111111111143e+02
1.448611111111111143e+02
1.446111111111111143e+02
1.436111111111111143e+02
1.446666666666666572e+02
1.439444444444444571e+02
1.450277777777777715e+02
1.460555555555555429e+02
1.462222222222222285e+02
1.462777777777777715e+02
1.460277777777777715e+02
1.456111111111111143e+02
1.447222222222222285e+02
1.444166666666666572e+02
1.449444444444444571e+02
1.443888888888888857e+02
1.462777777777777715e+02
1.473333333333333428e+02
1.473888888888888857e+02
1.466111111111111143e+02
1.478055555555555429e+02
1.469444444444444571e+02
1.464166666666666572e+02
1.469166666666666572e+02
1.463333333333333428e+02
1.472777777777777715e+02
1.466388888888888857e+02
1.483055555555555429e+02
1.471388888888888857e+02
1.470277777777777715e+02
1.467777777777777715e+02
1.470000000000000000e+02
1.470000000000000000e+02
1.467222222222222285e+02
1.483333333333333428e+02
1.481388888888888857e+02
1.490555555555555429e+02
1.500555555555555429e+02
1.505833333333333428e+02
1.495555555555555429e+02
1.496111111111111143e+02
1.497777777777777715e+02
1.483888888888888857e+02
1.484722222222222285e+02
1.489166666666666572e+02
1.495000000000000000e+02
1.485277777777777715e+02
1.495555555555555429e+02
1.499166666666666572e+02
1.493333333333333428e+02
1.494166666666666572e+02
1.493611111111111143e+02
1.495555555555555429e+02
1.496388888888888857e+02
1.495555555555555429e+02
1.497222222222222285e+02
1.505833333333333428e+02
1.511666666666666572e+02
1.520277777777777715e+02
1.519166666666666572e+02
1.528333333333333428e+02
1.525000000000000000e+02
1.527222222222222285e+02
1.523055555555555429e+02
1.534166666666666572e+02
1.533888888888888857e+02
1.526666666666666572e+02
1.525277777777777715e+02
1.528888888888888857e+02
1.528888888888888857e+02
1.534444444444444571e+02
1.539444444444444571e+02
1.532500000000000000e+02
1.541388888888888857e+02
1.543333333333333428e+02
1.544444444444444571e+02
1.540000000000000000e+02
1.543888888888888857e+02
1.542222222222222285e+02
1.535833333333333428e+02
1.548888888888888857e+02
1.550833333333333428e+02
1.543333333333333428e+02
1.560277777777777715e+02
1.550000000000000000e+02
1.549722222222222285e+02
1.541111111111111143e+02
1.542777777777777715e+02
1.544722222222222285e+02
1.533055555555555429e+02
1.533611111111111143e+02
1.533333333333333428e+02
1.543611111111111143e+02
1.538888888888888857e+02
1.541666666666666572e+02
1.548611111111111143e+02
1.542222222222222285e+02
1.535000000000000000e+02
1.533333333333333428e+02
1.525000000000000000e+02
1.541111111111111143e+02
1.542222222222222285e+02
1.546944444444444571e+02
1.551111111111111143e+02
1.547500000000000000e+02
1.555277777777777715e+02
1.544722222222222285e+02
1.546666666666666572e+02
1.547500000000000000e+02
1.541388888888888857e+02
1.550277777777777715e+02
1.541944444444444571e+02
1.540277777777777715e+02
1.547222222222222285e+02
1.542500000000000000e+02
1.552222222222222285e+02
1.562500000000000000e+02
1.567500000000000000e+02
1.558611111111111143e+02
1.555277777777777715e+02
1.547222222222222285e+02
1.545277777777777715e+02
1.546944444444444571e+02
1.546111111111111143e+02
1.543333333333333428e+02
1.541666666666666572e+02
1.542777777777777715e+02
1.540277777777777715e+02
1.536111111111111143e+02
1.519722222222222285e+02
1.504166666666666572e+02
1.984166666666666572e+02
2.225555555555555429e+02
2.244722222222222285e+02
2.240277777777777715e+02
2.242777777777777715e+02
2.244722222222222285e+02
2.248055555555555429e+02
2.248055555555555429e+02
2.249444444444444571e+02
2.242777777777777715e+02
2.241388888888888857e+02
2.221111111111111143e+02
2.218611111111111143e+02
2.210833333333333428e+02
2.210277777777777715e+02
2.211388888888888857e+02
2.209444444444444571e+02
2.209722222222222285e+02
2.211944444444444571e+02
2.210000000000000000e+02
2.203888888888888857e+02
2.206111111111111143e+02
2.208888888888888857e+02
2.188333333333333428e+02
2.189444444444444571e+02
2.190555555555555429e+02
2.190555555555555429e+02
2.191111111111111143e+02
2.193611111111111143e+02
2.191388888888888857e+02
2.192222222222222285e+02
2.193055555555555429e+02
2.193888888888888857e+02
2.199444444444444571e+02
2.199722222222222285e+02
2.205833333333333428e+02
2.207222222222222285e+02
2.208888888888888857e+02
2.225277777777777715e+02
2.225277777777777715e+02
2.226666666666666572e+02
2.221666666666666572e+02
2.200000000000000000e+02
1.946111111111111143e+02
1.658611111111111143e+02
1.546944444444444571e+02
1.547222222222222285e+02
1.545277777777777715e+02
1.542222222222222285e+02
1.545833333333333428e+02
1.551388888888888857e+02
1.556111111111111143e+02
1.556944444444444571e+02
1.558611111111111143e+02
1.575000000000000000e+02
1.571388888888888857e+02
1.567500000000000000e+02
1.570000000000000000e+02
1.573888888888888857e+02
1.565277777777777715e+02
1.564444444444444571e+02
1.568611111111111143e+02
1.562777777777777715e+02
1.555555555555555429e+02
1.558333333333333428e+02
1.560555555555555429e+02
1.565277777777777715e+02
1.562222222222222285e+02
1.560833333333333428e+02
1.552777777777777715e+02
1.552500000000000000e+02
1.542222222222222285e+02
1.543055555555555429e+02
1.543055555555555429e+02
1.537777777777777715e+02
1.537777777777777715e+02
1.540277777777777715e+02
1.537500000000000000e+02
1.538611111111111143e+02
1.539444444444444571e+02
1.536666666666666572e+02
1.541111111111111143e+02
1.541111111111111143e+02
1.535000000000000000e+02
1.541388888888888857e+02
1.533888888888888857e+02
1.525555555555555429e+02
1.521944444444444571e+02
1.580000000000000000e+02
1.821944444444444571e+02
2.017777777777777715e+02
2.204444444444444571e+02
2.208888888888888857e+02
2.213333333333333428e+02
2.213888888888888857e+02
2.216666666666666572e+02
2.205555555555555429e+02
2.209722222222222285e+02
2.207222222222222285e+02
2.201666666666666572e+02
2.202500000000000000e+02
2.203611111111111143e+02
2.203333333333333428e+02
2.209722222222222285e+02
2.208888888888888857e+02
2.217222222222222285e+02
2.211111111111111143e+02
2.206944444444444571e+02
2.207777777777777715e+02
2.205000000000000000e+02
2.201666666666666572e+02
2.202222222222222285e+02
2.199444444444444571e+02
2.199722222222222285e+02
2.202222222222222285e+02
2.198888888888888857e+02
2.198611111111111143e+02
2.193888888888888857e+02
2.197222222222222285e+02
2.197500000000000000e+02
2.192222222222222285e+02
2.187777777777777715e+02
2.183611111111111143e+02
2.181111111111111143e+02
2.181388888888888857e+02
2.179444444444444571e+02
2.176666666666666572e+02
2.181111111111111143e+02
2.184444444444444571e+02
2.182222222222222285e+02
2.184444444444444571e+02
2.182777777777777715e+02
2.188888888888888857e+02
2.186111111111111143e+02
2.174166666666666572e+02
2.172777777777777715e+02
2.177500000000000000e+02
2.171666666666666572e+02
2.179166666666666572e+02
2.178055555555555429e+02
2.178611111111111143e+02
2.176111111111111143e+02
2.179444444444444571e+02
2.175833333333333428e+02
2.171666666666666572e+02
2.176666666666666572e+02
2.175555555555555429e+02
2.166111111111111143e+02
2.163611111111111143e+02
2.159166666666666572e+02
2.156944444444444571e+02
2.157777777777777715e+02
