2.171404298656750325e+04 2.751874923706054688e-02
0.000000000000000000e+00 1.037045001983642578e+00
4.690386067873886532e+03 1.066594839096069336e+00
1.586996201171431551e+02 1.098100900650024414e+00
7.172819846658059362e+01 1.129275083541870117e+00
5.242466267645225741e+01 1.162313938140869141e+00
6.979430157169217352e+01 1.194351911544799805e+00
3.020896984363633919e+01 1.227454662322998047e+00
7.543371212569093132e+01 1.257097482681274414e+00
1.044450564587677235e+02 1.288852214813232422e+00
7.612160473385682735e+01 1.321030855178833008e+00
6.005503930356094600e+01 1.354333639144897461e+00
8.005660762324932023e+01 1.384930610656738281e+00
7.513129909550885088e+01 1.417533397674560547e+00
9.180251705395249928e+01 1.450212240219116211e+00
1.283304769880130038e+02 1.482341051101684570e+00
2.054103852127555285e+02 1.516419172286987305e+00
2.577432735283724696e+02 1.554433584213256836e+00
2.873007740256181819e+02 1.585759639739990234e+00
2.749566196007405665e+02 1.617673635482788086e+00
2.742046920904278977e+02 1.658610105514526367e+00
3.868348531874537457e+02 1.689306259155273438e+00
3.054915221098909797e+02 1.721711397171020508e+00
2.556779212330620794e+02 1.757557868957519531e+00
3.455209581577219637e+02 1.786062240600585938e+00
2.508124694097575400e+02 1.818453073501586914e+00
1.902901025693269617e+02 1.850418806076049805e+00
1.647048728578411669e+02 1.881967067718505859e+00
1.150172855486821817e+02 1.914498329162597656e+00
1.331716218983652880e+02 1.946356773376464844e+00
8.920477449857405361e+01 2.004606485366821289e+00
1.629458678956096662e+02 2.069843769073486328e+00
1.690506554061603595e+02 2.136243820190429688e+00
2.041082120588111195e+02 2.203241586685180664e+00
1.586212821848771455e+02 2.271311044692993164e+00
1.886199628213076949e+02 2.336889028549194336e+00
1.983239606395796386e+02 2.404349803924560547e+00
2.068334271480743780e+02 2.471690893173217773e+00
2.456518701087063334e+02 2.535927057266235352e+00
2.105756850464809133e+02 2.604086399078369141e+00
1.886121649822536028e+02 2.671359777450561523e+00
1.180026180330477388e+02 2.738087177276611328e+00
4.643535060171158335e+01 2.802693128585815430e+00
4.676127060383746681e+01 2.870319128036499023e+00
3.592475322435679885e+01 2.938503026962280273e+00
3.480494334090118258e+01 3.002748727798461914e+00
4.880754983820843051e+01 3.070701837539672852e+00
5.448805459652634653e+01 3.136873245239257812e+00
7.372941122701176653e+01 3.204688787460327148e+00
7.806042069779424253e+01 3.270010232925415039e+00
8.617278701797049223e+01 3.337676048278808594e+00
8.905850572303123158e+01 3.404105186462402344e+00
7.382934230815267540e+01 3.471828937530517578e+00
8.519749938440257608e+01 3.538225889205932617e+00
6.769313784608422679e+01 3.604290723800659180e+00
5.406224644882622954e+01 3.670983314514160156e+00
6.771048722894524019e+01 3.737031221389770508e+00
7.937245068427267825e+01 3.804877996444702148e+00
5.596619466278485078e+01 3.871733665466308594e+00
7.679765632152339094e+01 3.936839818954467773e+00
6.720395583365359471e+01 4.003385543823242188e+00
5.520761731608946832e+01 4.071159839630126953e+00
6.776063046238911625e+01 4.137158870697021484e+00
7.568767032930338701e+01 4.204528093338012695e+00
6.286648650827977747e+01 4.272014617919921875e+00
7.686498996165263975e+01 4.338351964950561523e+00
1.009397876594254058e+02 4.405543804168701172e+00
1.183784868616855022e+02 4.470430135726928711e+00
1.118578017167965015e+02 4.539098978042602539e+00
1.157014197696832269e+02 4.605486631393432617e+00
1.163347957811908060e+02 4.671512842178344727e+00
1.506995416409039308e+02 4.737203121185302734e+00
1.414220481407973296e+02 4.807559013366699219e+00
1.703007775410328861e+02 4.871883153915405273e+00
1.513214735687806467e+02 4.937636375427246094e+00
1.510112867957921026e+02 5.004186868667602539e+00
1.468664746771996761e+02 5.074288845062255859e+00
1.599729541137999433e+02 5.137111186981201172e+00
1.187084001782792058e+02 5.203441858291625977e+00
1.173172630528195697e+02 5.270559072494506836e+00
1.153351262170479146e+02 5.338829755783081055e+00
1.390341645827540447e+02 5.405141115188598633e+00
1.308638145900546021e+02 5.471318721771240234e+00
1.434683557028160408e+02 5.537443637847900391e+00
1.129933023732739201e+02 5.604843854904174805e+00
1.268493213876414387e+02 5.672659158706665039e+00
1.462597512907458110e+02 5.737881422042846680e+00
1.267432574996650629e+02 5.805293321609497070e+00
1.244850619905627553e+02 5.872021198272705078e+00
1.400233426980570357e+02 5.940148353576660156e+00
1.291118085592747491e+02 6.004017114639282227e+00
1.232903817725839701e+02 6.071391582489013672e+00
1.374053384906259225e+02 6.138489007949829102e+00
1.245006314089119286e+02 6.205208539962768555e+00
1.217174780172414472e+02 6.272957324981689453e+00
1.316710602683651530e+02 6.338289260864257812e+00
1.085094527051812889e+02 6.405381202697753906e+00
1.093390030008659579e+02 6.471964120864868164e+00
1.292049260525178624e+02 6.538091659545898438e+00
1.285744749550633514e+02 6.604543447494506836e+00
1.050572474515788173e+02 6.673840045928955078e+00
1.247539638111385614e+02 6.738465309143066406e+00
1.074993403490446013e+02 6.804243087768554688e+00
1.045506691071212373e+02 6.871196269989013672e+00
1.346998681718940531e+02 6.938831329345703125e+00
1.161169529122299480e+02 7.007727384567260742e+00
1.272090198427441692e+02 7.071613311767578125e+00
1.216291146352514687e+02 7.137387037277221680e+00
1.187244049754220043e+02 7.205294370651245117e+00
1.212744451834224435e+02 7.271773815155029297e+00
1.212757499954079776e+02 7.338252544403076172e+00
1.210881457069998248e+02 7.404834270477294922e+00
1.289757543973157112e+02 7.475044250488281250e+00
1.487829521930617318e+02 7.538807153701782227e+00
1.502067120693199911e+02 7.604712963104248047e+00
1.520308782283626101e+02 7.672433614730834961e+00
1.827304902177274641e+02 7.741222381591796875e+00
1.577196258632790205e+02 7.806500434875488281e+00
1.697941353881395798e+02 7.872346878051757812e+00
2.096208040850053180e+02 7.938621044158935547e+00
1.791258185940123724e+02 8.006994485855102539e+00
2.076806499512379958e+02 8.071953535079956055e+00
2.398818859704397539e+02 8.138391971588134766e+00
1.868063187324484886e+02 8.207154273986816406e+00
2.214654323708631694e+02 8.272432327270507812e+00
2.108869203109755972e+02 8.338479042053222656e+00
1.864454192590147557e+02 8.404821872711181641e+00
1.629799971570810726e+02 8.480964183807373047e+00
2.450534095468694602e+02 8.540520668029785156e+00
1.713101101480857267e+02 8.605784416198730469e+00
1.848824061807765986e+02 8.672906398773193359e+00
2.104299530128111257e+02 8.740112304687500000e+00
1.828520319760722259e+02 8.805966615676879883e+00
1.830176810232054265e+02 8.871761322021484375e+00
1.924048336021383534e+02 8.939526796340942383e+00
1.619664998875391575e+02 9.007722139358520508e+00
2.037332775357391199e+02 9.071531057357788086e+00
1.656060437572681394e+02 9.138500452041625977e+00
1.618533284043454330e+02 9.206743478775024414e+00
1.772434596734150603e+02 9.274446964263916016e+00
2.005965529190681025e+02 9.339445114135742188e+00
1.615575677434215720e+02 9.407813072204589844e+00
1.863316324956674919e+02 9.472660064697265625e+00
1.748336928543887723e+02 9.541296720504760742e+00
1.704403258279613453e+02 9.606828212738037109e+00
1.513129432816006101e+02 9.672916412353515625e+00
1.807909032302419234e+02 9.739521503448486328e+00
1.622526208436637205e+02 9.807317018508911133e+00
1.644578850938540313e+02 9.874203443527221680e+00
1.531639911774587119e+02 9.939492940902709961e+00
1.523644462656235987e+02 1.000545239448547363e+01
1.325496370739030283e+02 1.007376933097839355e+01
1.526819802372813513e+02 1.013991665840148926e+01
1.213466870111838745e+02 1.020635652542114258e+01
1.237999879586558478e+02 1.027296566963195801e+01
1.181482319905790348e+02 1.034120416641235352e+01
9.119097564785968757e+01 1.040790772438049316e+01
1.090243471536154090e+02 1.047468280792236328e+01
9.306168940430617909e+01 1.054004549980163574e+01
7.367835775955830968e+01 1.060925197601318359e+01
6.954227119393817702e+01 1.067356014251708984e+01
6.294999041912156201e+01 1.073905825614929199e+01
4.491923904856081151e+01 1.080584478378295898e+01
4.590862906059587090e+01 1.087572360038757324e+01
3.438512392871019330e+01 1.094075369834899902e+01
3.305495630489080838e+01 1.100840067863464355e+01
2.187223806307536123e+01 1.107305860519409180e+01
1.480213722570035095e+01 1.114061641693115234e+01
0.000000000000000000e+00 1.120682239532470703e+01
0.000000000000000000e+00 1.127196574211120605e+01
0.000000000000000000e+00 1.134026336669921875e+01
1.460691984885684924e+01 1.140872406959533691e+01
3.011775519069964346e+01 1.147513008117675781e+01
3.495607121218063895e+01 1.153909802436828613e+01
2.969860297814188144e+01 1.160644125938415527e+01
3.305157813194652761e+01 1.167409515380859375e+01
6.204501344672063823e+01 1.174054861068725586e+01
4.669065289258350759e+01 1.180827689170837402e+01
6.413953660635053211e+01 1.187256026268005371e+01
5.996968579238897235e+01 1.194330668449401855e+01
8.182342829799148376e+01 1.200681114196777344e+01
6.388459010492685053e+01 1.207322216033935547e+01
9.650702189308715617e+01 1.213957095146179199e+01
7.505240555248036571e+01 1.220880460739135742e+01
1.084581525543714946e+02 1.227464962005615234e+01
9.233720788079689612e+01 1.234052515029907227e+01
9.086651617272234205e+01 1.240746688842773438e+01
8.867747828220885253e+01 1.247698187828063965e+01
9.091929828795001356e+01 1.254388475418090820e+01
1.111226101959955486e+02 1.260815095901489258e+01
9.312011216874265074e+01 1.267347264289855957e+01
9.141199706662230540e+01 1.274090814590454102e+01
9.234575534513916750e+01 1.280766177177429199e+01
9.719823386062491011e+01 1.287353873252868652e+01
9.289953258277924419e+01 1.293989443778991699e+01
7.350080634170014093e+01 1.301316118240356445e+01
1.229277090197392397e+02 1.307457804679870605e+01
9.740693177603601782e+01 1.314031386375427246e+01
1.000736122978469780e+02 1.320659756660461426e+01
1.014341958887545303e+02 1.327560782432556152e+01
1.133090874852926646e+02 1.334165120124816895e+01
1.016078643338294967e+02 1.340840125083923340e+01
1.153469035234412416e+02 1.347385454177856445e+01
9.604211916907260616e+01 1.354292058944702148e+01
1.139110636836958292e+02 1.360743117332458496e+01
1.096335337538090897e+02 1.367445874214172363e+01
9.131000140545906163e+01 1.374372339248657227e+01
1.171031246155936998e+02 1.380931639671325684e+01
1.083119983331456666e+02 1.387460064888000488e+01
1.049554567309623536e+02 1.394197273254394531e+01
1.059896882003601917e+02 1.400935125350952148e+01
1.383254536509859918e+02 1.407600235939025879e+01
1.256826705375164863e+02 1.414161372184753418e+01
1.235942769396567797e+02 1.420833373069763184e+01
1.520910310246726169e+02 1.427473807334899902e+01
1.337021053353554407e+02 1.434287786483764648e+01
1.442176857397744811e+02 1.440718078613281250e+01
1.646766326056643663e+02 1.447641801834106445e+01
1.346892686976917730e+02 1.454526996612548828e+01
1.761545269544731696e+02 1.460873889923095703e+01
1.508548147501271046e+02 1.467634057998657227e+01
1.601092852555671868e+02 1.474003481864929199e+01
1.469456226021761154e+02 1.480842661857604980e+01
1.665011154376800278e+02 1.487503600120544434e+01
1.474179050531055282e+02 1.494320869445800781e+01
1.867656070226256588e+02 1.500790500640869141e+01
1.487801154076141472e+02 1.507545351982116699e+01
1.712862789346355612e+02 1.514098691940307617e+01
1.508675847173037994e+02 1.520858287811279297e+01
1.844740484814323622e+02 1.527475237846374512e+01
1.658839870936233751e+02 1.534215092658996582e+01
1.525830357165790474e+02 1.541029930114746094e+01
2.074537704577757324e+02 1.547461080551147461e+01
1.652745884258384592e+02 1.554252791404724121e+01
1.619228614852897010e+02 1.560829710960388184e+01
1.962060477558822811e+02 1.567705512046813965e+01
1.777940864847912508e+02 1.574143028259277344e+01
1.727145819043105632e+02 1.580719089508056641e+01
1.855514468120364882e+02 1.587571549415588379e+01
1.670128306033916203e+02 1.594212079048156738e+01
1.654196831969913717e+02 1.600889253616333008e+01
2.009193540028149414e+02 1.607378625869750977e+01
1.565553930567384668e+02 1.614404892921447754e+01
1.870944889018034303e+02 1.620863151550292969e+01
1.827663079001263782e+02 1.627428913116455078e+01
1.583527881336178496e+02 1.634432601928710938e+01
1.859665901100083545e+02 1.640907740592956543e+01
1.815276126282535927e+02 1.647564053535461426e+01
1.640044763161516812e+02 1.654326391220092773e+01
1.985823177144682177e+02 1.660911417007446289e+01
1.653270554547811457e+02 1.667619657516479492e+01
1.662585121581084309e+02 1.674263143539428711e+01
1.522703278864619563e+02 1.680863165855407715e+01
1.812555857700384934e+02 1.687529468536376953e+01
1.499140521138711506e+02 1.694233226776123047e+01
1.498671302303241646e+02 1.700972199440002441e+01
1.688083759809378250e+02 1.707515335083007812e+01
1.365516073838006434e+02 1.714106249809265137e+01
1.220777645612858322e+02 1.720910620689392090e+01
1.408838162184162854e+02 1.727644419670104980e+01
1.082652663393248247e+02 1.734431886672973633e+01
1.273829318662306065e+02 1.740952873229980469e+01
1.141938246528462457e+02 1.747622036933898926e+01
8.272322356097339480e+01 1.754243183135986328e+01
1.022609434742084176e+02 1.760875558853149414e+01
8.603183123569074553e+01 1.767653226852416992e+01
7.444830122755261925e+01 1.774502301216125488e+01
7.862634626420104667e+01 1.780987429618835449e+01
7.824891862936311782e+01 1.787503838539123535e+01
6.440623566469889738e+01 1.794271659851074219e+01
5.288276358502948682e+01 1.801089668273925781e+01
5.579864729151655922e+01 1.807795310020446777e+01
5.078205927225833705e+01 1.814326405525207520e+01
5.515558215243672890e+01 1.820863461494445801e+01
5.281018761941643902e+01 1.827690839767456055e+01
3.458278986234832075e+01 1.834156680107116699e+01
5.271372897461948526e+01 1.840996551513671875e+01
7.535417849417547131e+01 1.847631883621215820e+01
6.297616427492231850e+01 1.854553389549255371e+01
7.915812359397882858e+01 1.860869860649108887e+01
7.489748324125098122e+01 1.867545652389526367e+01
9.299007521003818511e+01 1.874431467056274414e+01
1.569991915285644666e+02 1.881111812591552734e+01
1.543071318594207639e+02 1.887624716758728027e+01
1.704972172141059445e+02 1.894312071800231934e+01
1.818865619285865591e+02 1.901000595092773438e+01
1.642898498719181930e+02 1.907723689079284668e+01
1.677667074516920422e+02 1.914307451248168945e+01
1.966126906369395329e+02 1.920938968658447266e+01
1.780447485063196211e+02 1.927678847312927246e+01
1.650150467937787084e+02 1.934399771690368652e+01
2.117141151114689990e+02 1.941029310226440430e+01
1.696768628638197356e+02 1.947565579414367676e+01
1.814472000699785212e+02 1.954404854774475098e+01
1.949555641366685279e+02 1.961073040962219238e+01
1.751178722291299152e+02 1.967756938934326172e+01
1.809279337555034601e+02 1.974458146095275879e+01
2.086783725301725667e+02 1.980976057052612305e+01
1.623885180901961576e+02 1.987860989570617676e+01
1.439000329726476082e+02 1.994453644752502441e+01
1.669739917097342072e+02 2.001068663597106934e+01
1.821280105485195406e+02 2.007770848274230957e+01
1.790979815158030988e+02 2.014563512802124023e+01
2.008592892661646943e+02 2.021073889732360840e+01
1.882736437712618738e+02 2.027557301521301270e+01
2.055927228056864635e+02 2.034190893173217773e+01
2.588361875149677758e+02 2.041112828254699707e+01
3.294716542785570255e+02 2.047879266738891602e+01
3.145406713973640649e+02 2.054316735267639160e+01
3.363124357218335376e+02 2.060998678207397461e+01
2.778626911149493708e+02 2.067693018913269043e+01
2.545053709705772746e+02 2.074384188652038574e+01
2.565849733530531580e+02 2.081009674072265625e+01
2.133375413451449845e+02 2.087737369537353516e+01
2.048197131856735211e+02 2.094693636894226074e+01
2.353436613852995833e+02 2.101081442832946777e+01
1.974254403149373900e+02 2.107587814331054688e+01
1.535633555837449933e+02 2.114386510848999023e+01
2.059584240611575296e+02 2.121270155906677246e+01
2.015679774055576843e+02 2.127719593048095703e+01
2.083883964539631393e+02 2.134420657157897949e+01
2.244085440956509387e+02 2.141045212745666504e+01
2.070893111114727390e+02 2.147870349884033203e+01
2.247428547187509480e+02 2.154287552833557129e+01
2.525019811324035288e+02 2.161043429374694824e+01
2.163773492841060886e+02 2.167913866043090820e+01
2.694472666325492014e+02 2.174490308761596680e+01
2.460834945253248804e+02 2.181117939949035645e+01
2.247782478222655698e+02 2.187731599807739258e+01
2.593200805929546391e+02 2.194287204742431641e+01
2.454958818498918731e+02 2.201493763923645020e+01
2.426086483562873752e+02 2.208203673362731934e+01
2.971915892678421756e+02 2.214632177352905273e+01
2.686178433427879213e+02 2.220949912071228027e+01
2.158703842221200375e+02 2.227898526191711426e+01
2.273724861108586879e+02 2.234436726570129395e+01
1.651531369164088687e+02 2.241124677658081055e+01
1.694580715711466326e+02 2.247853040695190430e+01
1.882523387088423590e+02 2.254572272300720215e+01
1.909530892229654455e+02 2.261196470260620117e+01
1.496592783647063243e+02 2.267777323722839355e+01
1.288306357183246007e+02 2.274363708496093750e+01
1.409222355847152812e+02 2.281195616722106934e+01
1.384119295862829517e+02 2.288049674034118652e+01
1.568146799239162021e+02 2.294584107398986816e+01
1.423196055298756733e+02 2.301100158691406250e+01
1.195892576684117472e+02 2.307893443107604980e+01
6.820064709308601891e+01 2.314612698554992676e+01
4.660199697786732287e+01 2.321050190925598145e+01
6.549949762467862513e+01 2.327705049514770508e+01
7.935990123930038465e+01 2.334593391418457031e+01
9.116098244136199469e+01 2.341083097457885742e+01
9.366448817868516130e+01 2.347664475440979004e+01
1.001804971053646653e+02 2.354534173011779785e+01
1.356465438298841377e+02 2.361370778083801270e+01
1.332321167566411759e+02 2.367870903015136719e+01
1.528262604948546937e+02 2.374446916580200195e+01
1.820116894277483652e+02 2.381175851821899414e+01
1.560891601225433192e+02 2.387771844863891602e+01
1.452597797063774578e+02 2.394586873054504395e+01
1.714397137579663308e+02 2.401134347915649414e+01
1.449918843669390469e+02 2.408099913597106934e+01
1.733222111182780054e+02 2.414498710632324219e+01
1.369328306961299972e+02 2.421151924133300781e+01
1.520719210245438546e+02 2.427793192863464355e+01
1.383463215021276653e+02 2.434612298011779785e+01
1.787457740396345116e+02 2.441372203826904297e+01
1.554284700209563255e+02 2.447996234893798828e+01
1.603849834994143464e+02 2.454624128341674805e+01
1.555029102836608672e+02 2.461244988441467285e+01
1.412063506950212002e+02 2.467925977706909180e+01
1.445917965074970368e+02 2.474631309509277344e+01
1.295241570226517354e+02 2.481272792816162109e+01
1.270193030618088414e+02 2.487812447547912598e+01
1.260445067706786801e+02 2.494454455375671387e+01
1.281272697073446238e+02 2.501168346405029297e+01
7.151713501489044233e+01 2.512698745727539062e+01
3.629132642264040669e+02 2.517293047904968262e+01
1.234549836933777840e+02 2.521875166893005371e+01
1.165173431481172344e+02 2.527943849563598633e+01
1.514288623936354554e+02 2.534481239318847656e+01
1.369171245080965207e+02 2.541254401206970215e+01
1.376775113448757679e+02 2.547990155220031738e+01
1.505312678708133376e+02 2.554566526412963867e+01
1.513336023242560771e+02 2.561240196228027344e+01
1.369402622531821692e+02 2.568012213706970215e+01
1.661722013429460958e+02 2.574521517753601074e+01
1.380434865089190453e+02 2.581239414215087891e+01
1.608627834880597618e+02 2.587876796722412109e+01
1.491381201100224416e+02 2.594812703132629395e+01
1.455864211269300199e+02 2.601328992843627930e+01
1.282794569193882523e+02 2.607989454269409180e+01
1.711372552218915359e+02 2.614651799201965332e+01
1.436009793831861430e+02 2.621294784545898438e+01
1.547253774977682781e+02 2.627885842323303223e+01
1.488170364351784372e+02 2.634605503082275391e+01
1.523154461618535436e+02 2.641203570365905762e+01
1.490803120201331353e+02 2.648044204711914062e+01
1.851105580018207206e+02 2.654616236686706543e+01
1.731040724160590685e+02 2.661202883720397949e+01
1.652433323402013912e+02 2.667968869209289551e+01
1.791269885415394469e+02 2.674691247940063477e+01
1.841160500733180925e+02 2.681253981590270996e+01
1.650019656510047241e+02 2.687948060035705566e+01
1.960994441171758638e+02 2.694616460800170898e+01
1.722047669659377220e+02 2.701609063148498535e+01
1.984479574484149396e+02 2.708198547363281250e+01
1.982139603619519619e+02 2.714776492118835449e+01
1.799383946574382662e+02 2.721445441246032715e+01
2.123540877995866367e+02 2.728055000305175781e+01
2.012985960106471452e+02 2.734513068199157715e+01
1.952236803209359550e+02 2.741191768646240234e+01
1.938074417373169069e+02 2.747919273376464844e+01
2.245920396544790947e+02 2.754612874984741211e+01
1.877872708757775513e+02 2.761571860313415527e+01
2.060528118832070561e+02 2.768400812149047852e+01
2.008713841002251002e+02 2.774891734123229980e+01
2.044321585973532933e+02 2.781269598007202148e+01
1.808035848908028811e+02 2.787952566146850586e+01
2.255619806918353731e+02 2.794661474227905273e+01
1.805395101748812294e+02 2.801354217529296875e+01
1.853728621980271498e+02 2.808387827873229980e+01
2.158703244625014577e+02 2.814939045906066895e+01
1.959996324580030773e+02 2.821591305732727051e+01
2.032234929991901140e+02 2.828063464164733887e+01
1.985290441986340682e+02 2.834707784652709961e+01
1.843292407417447976e+02 2.841505384445190430e+01
2.210343879670653848e+02 2.848123693466186523e+01
1.918779322236689211e+02 2.854898834228515625e+01
1.947233847723369706e+02 2.861333584785461426e+01
1.870945271463675112e+02 2.868030714988708496e+01
1.996460041249349615e+02 2.874561476707458496e+01
1.699078446075342868e+02 2.881475424766540527e+01
2.065007050224417355e+02 2.887990474700927734e+01
1.701619632252221379e+02 2.894560885429382324e+01
1.601114964136373260e+02 2.901673412322998047e+01
1.628597468543044045e+02 2.908386278152465820e+01
1.234592783719482867e+02 2.915065574645996094e+01
1.392885729351470161e+02 2.921684598922729492e+01
1.283343192539714437e+02 2.928014969825744629e+01
1.102564040138223049e+02 2.934862494468688965e+01
9.472482922081380252e+01 2.941370201110839844e+01
9.264289024680041962e+01 2.948024153709411621e+01
1.093301995585297846e+02 2.954745507240295410e+01
6.312913826855862709e+01 2.961829614639282227e+01
8.504951275694234880e+01 2.968269658088684082e+01
6.359048073906666332e+01 2.974753499031066895e+01
5.632332098973743228e+01 2.981396675109863281e+01
5.276798959099658504e+01 2.988229513168334961e+01
3.794637310751863168e+01 2.994684648513793945e+01
4.031373211031706916e+01 3.001700687408447266e+01
2.721552005510490346e+01 3.008064889907836914e+01
1.997979534466799123e+01 3.015143108367919922e+01
3.398491441869810359e+01 3.021722698211669922e+01
1.524015493397864951e+01 3.028284311294555664e+01
2.186611027907783011e+01 3.034751915931701660e+01
2.553271791566133331e+01 3.041535568237304688e+01
3.691731661048331148e+01 3.048170638084411621e+01
3.379510108281004932e+01 3.054787182807922363e+01
5.025498858297230242e+01 3.061386775970458984e+01
4.658242577837790321e+01 3.068175339698791504e+01
6.004708644564622233e+01 3.074836778640747070e+01
6.168582166496280195e+01 3.081520819664001465e+01
7.666794620106237801e+01 3.088042449951171875e+01
7.573779283922469574e+01 3.094774913787841797e+01
7.439901518027238581e+01 3.101495432853698730e+01
1.083313840575170417e+02 3.108022689819335938e+01
1.056648021874527501e+02 3.114714670181274414e+01
1.250152787269194192e+02 3.121502065658569336e+01
1.413425583762801523e+02 3.128251194953918457e+01
1.319724337083878538e+02 3.134900283813476562e+01
1.439212324963004903e+02 3.141528487205505371e+01
1.670353336116404250e+02 3.148561334609985352e+01
1.541687225865034918e+02 3.154982542991638184e+01
1.654184815019511916e+02 3.161521506309509277e+01
1.876139502300939910e+02 3.168221330642700195e+01
1.909912107424231067e+02 3.174781823158264160e+01
1.683271861248215657e+02 3.181450366973876953e+01
2.142954301266941570e+02 3.188131713867187500e+01
1.625789935990806612e+02 3.194756388664245605e+01
1.671510730818975787e+02 3.201577615737915039e+01
1.905781565784283487e+02 3.208089208602905273e+01
1.693968455313313086e+02 3.214820003509521484e+01
1.677233319983415640e+02 3.221614885330200195e+01
1.882749738851782979e+02 3.228184700012207031e+01
1.474842294032842176e+02 3.234965085983276367e+01
1.658852453525471162e+02 3.241623520851135254e+01
1.693764896879531250e+02 3.248224401473999023e+01
1.678649466680140279e+02 3.254884719848632812e+01
1.520463382762709443e+02 3.261591911315917969e+01
1.884295151084943427e+02 3.268156337738037109e+01
1.658352965505772829e+02 3.274898171424865723e+01
1.684267703353930017e+02 3.281667733192443848e+01
1.942218212445298207e+02 3.288180446624755859e+01
1.880131765125018433e+02 3.294780874252319336e+01
1.730585262015551677e+02 3.301544308662414551e+01
2.008016239201563735e+02 3.308188509941101074e+01
1.745186235851146535e+02 3.315182924270629883e+01
2.088980031525330503e+02 3.321479272842407227e+01
1.731172317921183321e+02 3.328065419197082520e+01
1.812254612059549288e+02 3.334901928901672363e+01
1.892219143473860754e+02 3.341438865661621094e+01
2.104633386070038057e+02 3.348175168037414551e+01
1.960629924519303984e+02 3.354844808578491211e+01
1.816175212792032880e+02 3.362023854255676270e+01
2.426076564743441963e+02 3.368220400810241699e+01
1.971791057768866722e+02 3.374832868576049805e+01
2.125388541946119858e+02 3.381436681747436523e+01
2.178188998652584019e+02 3.388338422775268555e+01
2.122331288876405608e+02 3.394951748847961426e+01
2.102352411452094429e+02 3.401627922058105469e+01
2.285086328559133051e+02 3.408206796646118164e+01
2.072613733829836065e+02 3.414961552619934082e+01
2.150567945256296980e+02 3.421488046646118164e+01
2.374874024278293234e+02 3.428238391876220703e+01
2.045693950491894384e+02 3.435116863250732422e+01
2.320145157295070248e+02 3.441610646247863770e+01
2.109698183449219471e+02 3.448263573646545410e+01
2.007042031626094740e+02 3.454778981208801270e+01
2.027492450867120226e+02 3.461719202995300293e+01
2.285770771516470461e+02 3.468310642242431641e+01
2.099153692985811404e+02 3.474979996681213379e+01
2.125259314781307580e+02 3.481600952148437500e+01
2.229821206568957166e+02 3.488342881202697754e+01
2.010153519421273245e+02 3.494848203659057617e+01
2.122935911138692688e+02 3.501459646224975586e+01
2.231881207896012995e+02 3.508195352554321289e+01
1.927134051488818614e+02 3.515040183067321777e+01
1.833525351741679117e+02 3.521675229072570801e+01
2.196031336223931589e+02 3.528210973739624023e+01
1.686804421092457176e+02 3.534970355033874512e+01
1.848141339897669866e+02 3.541685032844543457e+01
1.704712552629438846e+02 3.548243522644042969e+01
1.335709672427046826e+02 3.555022978782653809e+01
1.386032694093294424e+02 3.561658883094787598e+01
1.325417736188021252e+02 3.568593430519104004e+01
1.272084201917013928e+02 3.574931263923645020e+01
9.109427294367142736e+01 3.581608700752258301e+01
1.088645922757244051e+02 3.588296008110046387e+01
7.868478487277258182e+01 3.595139980316162109e+01
9.858730739959770517e+01 3.601713585853576660e+01
8.428530568435465398e+01 3.608425140380859375e+01
7.705273522895532778e+01 3.614914202690124512e+01
5.973182653340237636e+01 3.621816897392272949e+01
6.579722317368826623e+01 3.628264951705932617e+01
4.888318589014078697e+01 3.635049748420715332e+01
4.820989251694663125e+01 3.641609144210815430e+01
3.696407042492329253e+01 3.648235821723937988e+01
4.379925231302604516e+01 3.655085253715515137e+01
5.752403074556936957e+01 3.661589765548706055e+01
7.604782819526465687e+01 3.668422508239746094e+01
6.264958264374668317e+01 3.675194525718688965e+01
7.709834197272158463e+01 3.681679749488830566e+01
6.317673944299976796e+01 3.688206052780151367e+01
8.972629865401503935e+01 3.694985294342041016e+01
9.150692844162111328e+01 3.701632618904113770e+01
1.193889708338497684e+02 3.708437299728393555e+01
9.520899883920415618e+01 3.715162634849548340e+01
1.628102051207625607e+02 3.721691799163818359e+01
9.354723346554598606e+01 3.728281426429748535e+01
1.246038484479396971e+02 3.735091233253479004e+01
1.278334875387374296e+02 3.741589236259460449e+01
1.017281344073689411e+02 3.748356437683105469e+01
1.264591196536200641e+02 3.755204701423645020e+01
1.502530976563832326e+02 3.761921596527099609e+01
1.320230498198793327e+02 3.768348717689514160e+01
1.184712116240000057e+02 3.774995064735412598e+01
1.243127020791544908e+02 3.781914973258972168e+01
1.417293670101428802e+02 3.788608598709106445e+01
1.460406055775082166e+02 3.795104622840881348e+01
1.831254491751819558e+02 3.801702857017517090e+01
1.753161961864893215e+02 3.808403515815734863e+01
1.623451792434270260e+02 3.815066266059875488e+01
1.733179137234252210e+02 3.822132730484008789e+01
1.516859383818050446e+02 3.828421640396118164e+01
1.448888098008291649e+02 3.835219168663024902e+01
1.650712026613610703e+02 3.841771888732910156e+01
1.453538204092717478e+02 3.848334765434265137e+01
1.431862625256733565e+02 3.854996991157531738e+01
1.434501111097639239e+02 3.861897993087768555e+01
1.279551719046813645e+02 3.868575334548950195e+01
9.070777348340699575e+01 3.875097465515136719e+01
7.237574253026087945e+01 3.881578111648559570e+01
6.036146044659914622e+01 3.888408803939819336e+01
6.916018499553692322e+01 3.895190763473510742e+01
7.166911811047967262e+01 3.901735305786132812e+01
5.188382782676249860e+01 3.908411955833435059e+01
6.361027529700406546e+01 3.915264463424682617e+01
7.149799562704644984e+01 3.922396159172058105e+01
8.563439174180059865e+01 3.928234934806823730e+01
6.395495537940301745e+01 3.935050511360168457e+01
8.222374612668687632e+01 3.941930341720581055e+01
8.430823146289230863e+01 3.948317813873291016e+01
8.464957135366167051e+01 3.955206155776977539e+01
1.247425932666504167e+02 3.961718797683715820e+01
1.179842828488167896e+02 3.968604493141174316e+01
1.164327571453239898e+02 3.975201559066772461e+01
1.298424042711665436e+02 3.981959724426269531e+01
1.325479999059909915e+02 3.988579940795898438e+01
1.059959900915945497e+02 3.995251011848449707e+01
1.502871861990674631e+02 4.001871585845947266e+01
1.315875041096805091e+02 4.008408927917480469e+01
1.439666755339038673e+02 4.014998531341552734e+01
1.440107178681962239e+02 4.021802163124084473e+01
1.421501197394420615e+02 4.028475975990295410e+01
1.411496875442158512e+02 4.035197091102600098e+01
1.710808104061961501e+02 4.041835951805114746e+01
1.598537721073439002e+02 4.048573565483093262e+01
1.948472140965325536e+02 4.055063462257385254e+01
1.609621827274076509e+02 4.061754679679870605e+01
1.532932431624903131e+02 4.068533396720886230e+01
1.322056505557797834e+02 4.075424504280090332e+01
1.938820103280214084e+02 4.081783437728881836e+01
1.498667822050778682e+02 4.088388967514038086e+01
1.604561212156442593e+02 4.095072293281555176e+01
1.773849536333416665e+02 4.101860690116882324e+01
1.572556828904154145e+02 4.108680033683776855e+01
2.463641907630024264e+02 4.115085077285766602e+01
2.073377342031447199e+02 4.121902513504028320e+01
2.125929128212697492e+02 4.128454184532165527e+01
2.158295470867514041e+02 4.135279440879821777e+01
2.588197699682254438e+02 4.141698288917541504e+01
2.294179047384781995e+02 4.148576450347900391e+01
2.668435625303531538e+02 4.155195879936218262e+01
3.090596036230182335e+02 4.161771440505981445e+01
2.690876621168845872e+02 4.168542790412902832e+01
2.847416247360173429e+02 4.175113058090209961e+01
3.094884293805853872e+02 4.182035541534423828e+01
2.933047334773631292e+02 4.188513445854187012e+01
2.867985632584353652e+02 4.195229434967041016e+01
3.608535624226714162e+02 4.201914882659912109e+01
2.953221308910626135e+02 4.208636164665222168e+01
3.260218534415589033e+02 4.215142846107482910e+01
3.499728576340802988e+02 4.221880412101745605e+01
2.926662104714195038e+02 4.228756713867187500e+01
3.580314159696310981e+02 4.235283136367797852e+01
3.046654566360448371e+02 4.241731810569763184e+01
2.926875136373718647e+02 4.248444390296936035e+01
3.029398061720033866e+02 4.255201339721679688e+01
3.411757058856931053e+02 4.261814069747924805e+01
3.029857767669462874e+02 4.268670177459716797e+01
3.492399265637355370e+02 4.275085639953613281e+01
3.021028861063826412e+02 4.281796312332153320e+01
2.923016304030971355e+02 4.288672685623168945e+01
3.381994358423273752e+02 4.295227980613708496e+01
2.961440450334836214e+02 4.301749539375305176e+01
2.843397698229283037e+02 4.308818459510803223e+01
3.319405117474153712e+02 4.315265679359436035e+01
2.718588084328966943e+02 4.321825170516967773e+01
2.913373106495984644e+02 4.328454327583312988e+01
2.617200976618647701e+02 4.335267925262451172e+01
3.078547953863442785e+02 4.341964435577392578e+01
2.582742831170748445e+02 4.348569321632385254e+01
2.695616052533769675e+02 4.355142974853515625e+01
2.803346118915450802e+02 4.362041544914245605e+01
2.657740545632747171e+02 4.368740653991699219e+01
2.433165565717487482e+02 4.375763607025146484e+01
2.512473083119340345e+02 4.382006216049194336e+01
2.302504549161458272e+02 4.388818097114562988e+01
2.235996404564889986e+02 4.395421338081359863e+01
1.842548914968692770e+02 4.401956629753112793e+01
1.928400506311177480e+02 4.408617711067199707e+01
1.891504593094219615e+02 4.415325903892517090e+01
1.584752166284813484e+02 4.422603106498718262e+01
1.728642807213967956e+02 4.428779673576354980e+01
1.341476979244652910e+02 4.435192251205444336e+01
1.145217493394755905e+02 4.442286133766174316e+01
1.495978200390909194e+02 4.448970723152160645e+01
1.085213675836452154e+02 4.455615592002868652e+01
1.201073587563942056e+02 4.462118315696716309e+01
8.388569814478259445e+01 4.468861842155456543e+01
9.834862676163979245e+01 4.475372481346130371e+01
9.459210023673715284e+01 4.481988978385925293e+01
8.133574704888883389e+01 4.488609886169433594e+01
7.905602655577345672e+01 4.495421719551086426e+01
6.581918399460336389e+01 4.502384090423583984e+01
9.818049316130014859e+01 4.509063053131103516e+01
1.170129566259576421e+02 4.515627408027648926e+01
1.369794380488085892e+02 4.522033452987670898e+01
1.359286161823484917e+02 4.528654575347900391e+01
1.490731416273594618e+02 4.535295271873474121e+01
1.432590624958788794e+02 4.541954112052917480e+01
1.308745885385662291e+02 4.549243068695068359e+01
1.824553284096890309e+02 4.556044554710388184e+01
1.985863167611558424e+02 4.562273240089416504e+01
1.596462358978743907e+02 4.569220185279846191e+01
2.059747425604054172e+02 4.575624322891235352e+01
1.835847422259316204e+02 4.582250976562500000e+01
2.017503258066323610e+02 4.588732600212097168e+01
1.659868790695676068e+02 4.595386958122253418e+01
1.784076337393128995e+02 4.602113127708435059e+01
1.822476313159438348e+02 4.608743143081665039e+01
1.995869849011579618e+02 4.615275835990905762e+01
1.629336967848315396e+02 4.622082614898681641e+01
1.757669587927030364e+02 4.628933501243591309e+01
2.032357629671298582e+02 4.635367751121520996e+01
1.808339314022039446e+02 4.642095208168029785e+01
1.832260828322388875e+02 4.648689818382263184e+01
1.947634094523684780e+02 4.655384302139282227e+01
1.767053796194360871e+02 4.662198805809020996e+01
1.788941369072655618e+02 4.669031929969787598e+01
2.037542649504360384e+02 4.675431013107299805e+01
1.674120504460430254e+02 4.682028722763061523e+01
1.807818225572983692e+02 4.688666558265686035e+01
1.959357287703360555e+02 4.695320987701416016e+01
1.762238515718900942e+02 4.702154111862182617e+01
1.632800148585547504e+02 4.708918786048889160e+01
1.999542175328025166e+02 4.715458631515502930e+01
1.825942173736613086e+02 4.722053360939025879e+01
1.796878610240408989e+02 4.728731608390808105e+01
1.957639505778661544e+02 4.735450387001037598e+01
1.825495457265654693e+02 4.742023944854736328e+01
1.650284153382584407e+02 4.748716950416564941e+01
2.128470764604930139e+02 4.755327916145324707e+01
1.634478042121688759e+02 4.762113285064697266e+01
1.804141841636672723e+02 4.768810677528381348e+01
1.994016440697093913e+02 4.775406885147094727e+01
1.820574180453466226e+02 4.782111668586730957e+01
1.778147916398391715e+02 4.788953351974487305e+01
2.031884008694775332e+02 4.795537924766540527e+01
1.913872267062567687e+02 4.802000904083251953e+01
1.865339059211590325e+02 4.808632040023803711e+01
1.952030085939713899e+02 4.815618705749511719e+01
1.907306699906871188e+02 4.822250628471374512e+01
1.500503807522127602e+02 4.828848075866699219e+01
6.313480928043811247e+01 4.835568046569824219e+01
2.614685805844060695e+01 4.842192363739013672e+01
4.544388545590471296e+01 4.848793911933898926e+01
2.598050814986382306e+01 4.855460643768310547e+01
3.227074174904354464e+01 4.862389731407165527e+01
5.140963311536573599e+01 4.868841099739074707e+01
5.451358853724847364e+01 4.875455141067504883e+01
6.631395050042090134e+01 4.882199025154113770e+01
7.097569696372714532e+01 4.888655567169189453e+01
9.913661932100214358e+01 4.895496964454650879e+01
8.044182348621366430e+01 4.902191448211669922e+01
1.154286524745557045e+02 4.908845901489257812e+01
9.089209003323871627e+01 4.915538191795349121e+01
1.060930570582567327e+02 4.922203159332275391e+01
1.222552582546497035e+02 4.928797769546508789e+01
1.209093988244916176e+02 4.935516881942749023e+01
1.337723189260127583e+02 4.942286133766174316e+01
1.552874365750267316e+02 4.948789882659912109e+01
1.364974959554315888e+02 4.955464315414428711e+01
1.516914994970813382e+02 4.962378406524658203e+01
1.791442583895153859e+02 4.968767404556274414e+01
1.535682220222255410e+02 4.975597000122070312e+01
1.633847363684288894e+02 4.982467269897460938e+01
2.114376040381372377e+02 4.988794946670532227e+01
1.668234719261481587e+02 4.995496845245361328e+01
1.844959857777397190e+02 5.002113008499145508e+01
1.962239760381424389e+02 5.008857369422912598e+01
1.840729070460667458e+02 5.015399122238159180e+01
1.912210212669839962e+02 5.022277522087097168e+01
1.932023721532344496e+02 5.029045915603637695e+01
2.052620340986067617e+02 5.035453796386718750e+01
1.825208286672049667e+02 5.042141556739807129e+01
1.965303888273044493e+02 5.048834133148193359e+01
2.032905615307560936e+02 5.055808115005493164e+01
2.159801621121350195e+02 5.062372350692749023e+01
1.867500774939881865e+02 5.068886685371398926e+01
1.837848860060435641e+02 5.075438690185546875e+01
1.738849754290887972e+02 5.082363724708557129e+01
2.013239486885151166e+02 5.088840055465698242e+01
1.646969387316740665e+02 5.095546531677246094e+01
1.482096693262849953e+02 5.102293729782104492e+01
1.799995279324514286e+02 5.108960413932800293e+01
1.498848964568406359e+02 5.115632200241088867e+01
1.414214427392301161e+02 5.122151398658752441e+01
1.501811110218537806e+02 5.128843235969543457e+01
1.343136527514332386e+02 5.135707426071166992e+01
1.260752900115599147e+02 5.142248129844665527e+01
1.379723848678811464e+02 5.148910927772521973e+01
1.114000270292449102e+02 5.155507397651672363e+01
8.987358991911941075e+01 5.162275528907775879e+01
9.560696200645047327e+01 5.168890690803527832e+01
6.374225312371373775e+01 5.175546622276306152e+01
5.727254139052119797e+01 5.182745718955993652e+01
4.542464965704095903e+01 5.188972353935241699e+01
3.717055642789754444e+01 5.195562219619750977e+01
4.240491275809954175e+01 5.202232265472412109e+01
3.700481069207077667e+01 5.208851647377014160e+01
5.099177807375198768e+01 5.215645098686218262e+01
4.337514262569158063e+01 5.222561502456665039e+01
6.388010600641497660e+01 5.229015946388244629e+01
4.903057061007435635e+01 5.235465550422668457e+01
4.918600193296448708e+01 5.242208576202392578e+01
6.304198732617648915e+01 5.249033570289611816e+01
5.833072613595998490e+01 5.255448126792907715e+01
6.251093306453166321e+01 5.262235164642333984e+01
4.921018743433238285e+01 5.268974876403808594e+01
3.713387920033272138e+01 5.275571250915527344e+01
3.670759285461691235e+01 5.282244229316711426e+01
3.650750171848544312e+01 5.288953781127929688e+01
1.453468805012267318e+01 5.295853924751281738e+01
3.489974793773500039e+01 5.302261042594909668e+01
2.117294040919116327e+01 5.308940386772155762e+01
4.617280516591255690e+01 5.315789175033569336e+01
6.773616107395116614e+01 5.322391462326049805e+01
6.312001437318428287e+01 5.328923630714416504e+01
9.507446822851093771e+01 5.335575842857360840e+01
1.075823613127933811e+02 5.342342853546142578e+01
1.370890513770610823e+02 5.348988485336303711e+01
1.387877425448394320e+02 5.355670356750488281e+01
1.504107298719955566e+02 5.362218332290649414e+01
1.821889184398420696e+02 5.369182848930358887e+01
1.757202312759267500e+02 5.375843834877014160e+01
2.093830021936024082e+02 5.382339811325073242e+01
1.709737814372565481e+02 5.389185714721679688e+01
2.168317515618315383e+02 5.395609307289123535e+01
1.635200050041517272e+02 5.402295804023742676e+01
2.372542025163470782e+02 5.408960127830505371e+01
2.067441268373133028e+02 5.415697145462036133e+01
2.096781411921973870e+02 5.422339892387390137e+01
2.127660332562482211e+02 5.429199314117431641e+01
2.251210607174398888e+02 5.435559368133544922e+01
1.954108346851550095e+02 5.442309713363647461e+01
1.985269243876802818e+02 5.448934984207153320e+01
1.899551216439193126e+02 5.455819082260131836e+01
2.101280470413346109e+02 5.462549328804016113e+01
1.874888014351621166e+02 5.468971896171569824e+01
1.790804964135261343e+02 5.475672793388366699e+01
1.927411807928657765e+02 5.482540774345397949e+01
2.160138524380491276e+02 5.489054822921752930e+01
1.975317084381008215e+02 5.495674872398376465e+01
1.953240878841856443e+02 5.502350139617919922e+01
2.245604691899012266e+02 5.509059476852416992e+01
1.955982709450612447e+02 5.515705752372741699e+01
2.145442227090158553e+02 5.522247838973999023e+01
2.385312345885158436e+02 5.528968644142150879e+01
2.186982863697991206e+02 5.535842633247375488e+01
2.440650705731316634e+02 5.542398262023925781e+01
2.411498341261389271e+02 5.549046087265014648e+01
2.143978214041212880e+02 5.555658769607543945e+01
2.244398822394524586e+02 5.562459850311279297e+01
2.597465724347509308e+02 5.569194436073303223e+01
2.259633067808458122e+02 5.575592303276062012e+01
2.233652105685028744e+02 5.582455372810363770e+01
2.391383772076385696e+02 5.589211082458496094e+01
2.201615067045352987e+02 5.595650649070739746e+01
2.056016974671045716e+02 5.602459931373596191e+01
2.244081967862303486e+02 5.609159016609191895e+01
1.935122688717748645e+02 5.615876936912536621e+01
1.998451780940488334e+02 5.622401189804077148e+01
1.818976809080232044e+02 5.629043960571289062e+01
1.880967472854196387e+02 5.635641455650329590e+01
1.589551195821227338e+02 5.642446303367614746e+01
3.087048700764215141e+02 5.646840357780456543e+01
1.056983232881289894e+02 5.654107403755187988e+01
1.822568500914418905e+02 5.660529494285583496e+01
1.293538958934609013e+02 5.667224502563476562e+01
8.376105364133358933e+01 5.677069425582885742e+01
1.296284343452127814e+02 5.682524299621582031e+01
6.066765741912288945e+01 5.689320516586303711e+01
8.406666278169259954e+01 5.695835852622985840e+01
8.100321793145009508e+01 5.702483940124511719e+01
6.446735791235433055e+01 5.709065008163452148e+01
7.792836306752401754e+01 5.713691759109497070e+01
3.568467922431629091e+01 5.720556020736694336e+01
7.791003979168972648e+01 5.727225446701049805e+01
6.226124330514569039e+01 5.733947348594665527e+01
6.378840872267487327e+01 5.740598464012145996e+01
3.347556342791526873e+01 5.750044989585876465e+01
3.888080019857257241e+01 5.755796074867248535e+01
2.622444293373584756e+01 5.762400794029235840e+01
3.311249108455854895e+01 5.769153738021850586e+01
5.516298487140588946e+01 5.775936651229858398e+01
9.332995032934209689e+01 5.782454133033752441e+01
9.390359293260274853e+01 5.789189291000366211e+01
1.292703163861616247e+02 5.795843815803527832e+01
1.935002245060582595e+02 5.802582001686096191e+01
1.970342109142511617e+02 5.809081506729125977e+01
1.982438910970987820e+02 5.815961003303527832e+01
2.380698457321651063e+02 5.822734022140502930e+01
2.340539743470027361e+02 5.829269719123840332e+01
2.650655682857376405e+02 5.835683226585388184e+01
2.657481409660794611e+02 5.842601346969604492e+01
3.372461724783526051e+02 5.849369525909423828e+01
3.420484230329377624e+02 5.855794715881347656e+01
3.003055323642860230e+02 5.862504363059997559e+01
2.769696202950404995e+02 5.869326210021972656e+01
3.168560255192356863e+02 5.875794100761413574e+01
3.344980170336197034e+02 5.882492303848266602e+01
2.846853213253414765e+02 5.889258146286010742e+01
2.945556117178194881e+02 5.896090340614318848e+01
3.508038088687018785e+02 5.902445316314697266e+01
2.818626329409542564e+02 5.909195518493652344e+01
2.933584871618492684e+02 5.915716934204101562e+01
2.836716300812361169e+02 5.922497797012329102e+01
3.335213148162663401e+02 5.929268932342529297e+01
3.010151291639940041e+02 5.935795807838439941e+01
3.394813216820872981e+02 5.942448067665100098e+01
2.922670185112024797e+02 5.949100279808044434e+01
2.843670149060249059e+02 5.955964374542236328e+01
3.321523531414316039e+02 5.962546658515930176e+01
3.266170661939290767e+02 5.969233489036560059e+01
2.823103909459591137e+02 5.975954341888427734e+01
3.452145526240536810e+02 5.982642006874084473e+01
4.858222320885562908e+02 5.986959671974182129e+01
1.377009776810647566e+02 5.996943426132202148e+01
5.282576145336756781e+02 6.002666473388671875e+01
4.040539278057320871e+02 6.007009935379028320e+01
1.331345848829208194e+02 6.017226266860961914e+01
5.187577997823746045e+02 6.022616887092590332e+01
2.142423266676198068e+02 6.029217886924743652e+01
2.971360265252367299e+02 6.035881161689758301e+01
4.312858643220409363e+02 6.042549037933349609e+01
3.806799808923004775e+02 6.049168562889099121e+01
3.580126232091488419e+02 6.055976176261901855e+01
3.677745520624070537e+02 6.062462139129638672e+01
2.275521074059066109e+02 6.069112372398376465e+01
2.327686919699488328e+02 6.075850558280944824e+01
3.974824508281214435e+02 6.082685112953186035e+01
4.172340416213713752e+02 6.089451384544372559e+01
5.119668103576250928e+02 6.095816707611083984e+01
4.085029722915089110e+02 6.102587437629699707e+01
3.688758009123183115e+02 6.109304881095886230e+01
2.883214126533579247e+02 6.115885615348815918e+01
2.910663198520037440e+02 6.122722458839416504e+01
2.786293672839510123e+02 6.129261922836303711e+01
2.470126446932697490e+02 6.136156058311462402e+01
2.940221536971566252e+02 6.142546153068542480e+01
2.420221659296007033e+02 6.149170017242431641e+01
2.310197756425122861e+02 6.155833864212036133e+01
2.763306841331764758e+02 6.162604117393493652e+01
2.411616411490630298e+02 6.169505429267883301e+01
3.016361009636943891e+02 6.176044130325317383e+01
2.412520361613415503e+02 6.182545375823974609e+01
2.442332744394326767e+02 6.189372181892395020e+01
2.634829582680456497e+02 6.196000409126281738e+01
2.213696386803545693e+02 6.202670168876647949e+01
2.204842506194488010e+02 6.209335923194885254e+01
2.304048719412823232e+02 6.216073703765869141e+01
2.223424614607942829e+02 6.222714281082153320e+01
2.226648715390802238e+02 6.229237914085388184e+01
1.986806647250230924e+02 6.235971879959106445e+01
2.313449466421133423e+02 6.242513084411621094e+01
2.000719854235607613e+02 6.249483728408813477e+01
2.230003653675569240e+02 6.256012964248657227e+01
1.868610959176062920e+02 6.262632489204406738e+01
1.828895150148030098e+02 6.269570326805114746e+01
2.375376326314111566e+02 6.275913119316101074e+01
1.965229981611580001e+02 6.282721018791198730e+01
1.864580341308250411e+02 6.289630937576293945e+01
2.219737580816741627e+02 6.296143794059753418e+01
1.975421453566045784e+02 6.302665996551513672e+01
1.955966252810465562e+02 6.309253072738647461e+01
1.788358602494435274e+02 6.315986394882202148e+01
2.135675656309312842e+02 6.322641277313232422e+01
1.725465779282582446e+02 6.329498648643493652e+01
2.077330334348740450e+02 6.335939168930053711e+01
1.746834961637176207e+02 6.342565917968750000e+01
1.693432725801265235e+02 6.349401640892028809e+01
1.995718823153364951e+02 6.355992221832275391e+01
1.924611775851746813e+02 6.362686610221862793e+01
1.777307539050102037e+02 6.369367694854736328e+01
1.896998916683835716e+02 6.376077198982238770e+01
1.726717411377825613e+02 6.382730937004089355e+01
1.547533818425135053e+02 6.389383864402770996e+01
1.483232221131917754e+02 6.395989680290222168e+01
1.141970349879871094e+02 6.402828955650329590e+01
1.118913889020346488e+02 6.409396457672119141e+01
1.172440058576402748e+02 6.416057991981506348e+01
1.086162421767724879e+02 6.422568130493164062e+01
7.221768573778462041e+01 6.429351758956909180e+01
6.105684786221664950e+01 6.436104655265808105e+01
5.522406237450413613e+01 6.442633605003356934e+01
5.163472458646446483e+01 6.449616408348083496e+01
7.811523863090337727e+01 6.456017208099365234e+01
6.531935439640680841e+01 6.462863779067993164e+01
8.411984019672816260e+01 6.469265556335449219e+01
1.113109681395990833e+02 6.476048207283020020e+01
1.509144264329130181e+02 6.482805705070495605e+01
1.368078163865341992e+02 6.489464998245239258e+01
1.718489658678836065e+02 6.495996880531311035e+01
1.701082535756516450e+02 6.502673697471618652e+01
1.317559982600577371e+02 6.509546542167663574e+01
1.591018074590870128e+02 6.516078400611877441e+01
1.419840670070936994e+02 6.522797036170959473e+01
1.466694776466737835e+02 6.529407382011413574e+01
1.549322776973169482e+02 6.536176848411560059e+01
1.475930722058103299e+02 6.542745828628540039e+01
1.383667965511046134e+02 6.549330091476440430e+01
1.980521833387312824e+02 6.555990409851074219e+01
1.917501645712451932e+02 6.562810063362121582e+01
1.930881055551398902e+02 6.569582462310791016e+01
2.332076394270059154e+02 6.576028776168823242e+01
1.955039007056453215e+02 6.582717490196228027e+01
1.805633908499640370e+02 6.589485979080200195e+01
2.127607394255880706e+02 6.596231913566589355e+01
1.725413364446984303e+02 6.602865409851074219e+01
1.835141815966422030e+02 6.609627652168273926e+01
1.901395593436033096e+02 6.616154265403747559e+01
1.873270464271926414e+02 6.622778868675231934e+01
1.700950375441720439e+02 6.629378104209899902e+01
1.301343997242092598e+02 6.636294031143188477e+01
1.220206337938115269e+02 6.642747044563293457e+01
9.713165540807679577e+01 6.649419164657592773e+01
1.175979843254802972e+02 6.656114864349365234e+01
9.348092577256491609e+01 6.663047552108764648e+01
1.372794784217011852e+02 6.669356036186218262e+01
1.178700072183053180e+02 6.676248407363891602e+01
1.410443752886987738e+02 6.682785034179687500e+01
1.458279478969155321e+02 6.689710664749145508e+01
1.592657674312498557e+02 6.696051955223083496e+01
1.509463945496371764e+02 6.702709865570068359e+01
1.479685105895252661e+02 6.709501767158508301e+01
1.928614927912023802e+02 6.716262269020080566e+01
1.977739515505365091e+02 6.722931957244873047e+01
2.015642270532698603e+02 6.729419565200805664e+01
2.219190594762481510e+02 6.736253476142883301e+01
2.024816356545213409e+02 6.742861032485961914e+01
1.840430111087741238e+02 6.749493479728698730e+01
2.267469167393482508e+02 6.756108784675598145e+01
1.758367378982780451e+02 6.762789607048034668e+01
1.941497448752103594e+02 6.769564247131347656e+01
2.205000015265627837e+02 6.776172614097595215e+01
1.840152856636263721e+02 6.782828283309936523e+01
1.817082469671681224e+02 6.789500713348388672e+01
1.913496927114019002e+02 6.796374487876892090e+01
1.677925496175809883e+02 6.802903056144714355e+01
1.961509541566085204e+02 6.809608578681945801e+01
1.646512488500887059e+02 6.816178011894226074e+01
1.700451043399854996e+02 6.822857308387756348e+01
1.334221760383420587e+02 6.829602813720703125e+01
1.284059719315716848e+02 6.836347246170043945e+01
1.014748878790860829e+02 6.842957949638366699e+01
1.063864643957456906e+02 6.849670672416687012e+01
8.721780553770791755e+01 6.856257128715515137e+01
9.559179705192727283e+01 6.863036727905273438e+01
6.944623575847019481e+01 6.869476437568664551e+01
6.075077430918786803e+01 6.876263356208801270e+01
5.322035986431199461e+01 6.883038115501403809e+01
7.847660927232463735e+01 6.889535617828369141e+01
7.042733027046249106e+01 6.896195554733276367e+01
6.866437326128389884e+01 6.903026485443115234e+01
7.175878456745435585e+01 6.909562849998474121e+01
1.133899601144195941e+02 6.916221141815185547e+01
8.854865695505084489e+01 6.922806167602539062e+01
9.453880400318284671e+01 6.929742407798767090e+01
1.333992697094633115e+02 6.936190962791442871e+01
1.290696212661931384e+02 6.942855834960937500e+01
1.083440448479449003e+02 6.949638366699218750e+01
1.639913789141163534e+02 6.956177616119384766e+01
1.328328598268541612e+02 6.963176918029785156e+01
1.676578006509970180e+02 6.969573163986206055e+01
1.650648574891700946e+02 6.976209616661071777e+01
1.554820713084409931e+02 6.982955145835876465e+01
1.951097354569299114e+02 6.989618062973022461e+01
1.784468300595518429e+02 6.996224975585937500e+01
1.855925686649915747e+02 7.003082966804504395e+01
2.051404515904592643e+02 7.009749031066894531e+01
1.924559438867302390e+02 7.016403150558471680e+01
1.949039419562454611e+02 7.022933506965637207e+01
2.192064930528300408e+02 7.029591393470764160e+01
2.002298999026769479e+02 7.036384320259094238e+01
1.895696302644290938e+02 7.043030428886413574e+01
2.089389899953915517e+02 7.049610209465026855e+01
1.793812939322479849e+02 7.056159019470214844e+01
1.723813793840928099e+02 7.063047432899475098e+01
1.881261431518767608e+02 7.069622445106506348e+01
1.505996281374861780e+02 7.076295685768127441e+01
1.188646335716516234e+02 7.083130383491516113e+01
1.513610774662612073e+02 7.089900255203247070e+01
1.282820459096248271e+02 7.096375536918640137e+01
1.097143168095034156e+02 7.103073358535766602e+01
9.982882610876063723e+01 7.109487462043762207e+01
9.372085986027899196e+01 7.116319584846496582e+01
8.427164142583097828e+01 7.123136305809020996e+01
1.127072785590327726e+02 7.129595613479614258e+01
8.068146542892370121e+01 7.136270213127136230e+01
7.678896093005467094e+01 7.143037009239196777e+01
6.157643990482596053e+01 7.149732923507690430e+01
4.636656484105255061e+01 7.156203103065490723e+01
5.340888125729279068e+01 7.162953948974609375e+01
5.235186360858146770e+01 7.169841098785400391e+01
6.244785076969701976e+01 7.176443576812744141e+01
8.279607735700662374e+01 7.182947707176208496e+01
1.034731829436117749e+02 7.189781427383422852e+01
1.205320382490498758e+02 7.196418666839599609e+01
1.189854170436809824e+02 7.203246426582336426e+01
1.571614022570234965e+02 7.209735321998596191e+01
1.544650014765561252e+02 7.216337490081787109e+01
1.523758467601252562e+02 7.223062276840209961e+01
1.818567426528331623e+02 7.229751896858215332e+01
1.543356986865473459e+02 7.236359596252441406e+01
1.535466632708468921e+02 7.243159031867980957e+01
1.853162774837381619e+02 7.249723768234252930e+01
1.728531742791829231e+02 7.256319975852966309e+01
1.522780139123952949e+02 7.263016963005065918e+01
1.860235373175914333e+02 7.269687986373901367e+01
1.653030224142129327e+02 7.276478528976440430e+01
1.670176278238199927e+02 7.283118867874145508e+01
1.828710486197398666e+02 7.289726281166076660e+01
1.691985539053383434e+02 7.296281027793884277e+01
1.497913476887644038e+02 7.303023409843444824e+01
1.814293297768481636e+02 7.309728789329528809e+01
1.523453775727529376e+02 7.316358137130737305e+01
1.670330782425921257e+02 7.323078346252441406e+01
1.545860920254930022e+02 7.329801011085510254e+01
1.420075538261180554e+02 7.336444306373596191e+01
1.405139719673125001e+02 7.343044090270996094e+01
1.413714495745072099e+02 7.349603843688964844e+01
1.028277894766027032e+02 7.356480455398559570e+01
1.072749868331458742e+02 7.363137578964233398e+01
9.243589913255802060e+01 7.369718098640441895e+01
6.230812727824872610e+01 7.376335382461547852e+01
6.110387789494929933e+01 7.383083081245422363e+01
7.740642320237579099e+01 7.389795899391174316e+01
4.245696678834097071e+01 7.396457767486572266e+01
4.456857473780403467e+01 7.403188967704772949e+01
5.541542564963096140e+01 7.409940981864929199e+01
3.712649877357270611e+01 7.416538667678833008e+01
3.070568167675717675e+01 7.423052120208740234e+01
3.343677845464141285e+01 7.429739570617675781e+01
3.207396758763133704e+01 7.436711168289184570e+01
3.455297612394781481e+01 7.443182587623596191e+01
5.668134914302659411e+01 7.449783802032470703e+01
5.611989681194188506e+01 7.456451058387756348e+01
4.935282464668377145e+01 7.463171291351318359e+01
8.338166340617122785e+01 7.469740152359008789e+01
7.722074630241013438e+01 7.476469111442565918e+01
9.079278870570296078e+01 7.483168721199035645e+01
1.032051084258779809e+02 7.490088367462158203e+01
1.292688201150635905e+02 7.496325182914733887e+01
9.339685988826801122e+01 7.503026008605957031e+01
1.333088940306697907e+02 7.509860086441040039e+01
1.364271227035766003e+02 7.516497611999511719e+01
1.358488380179295802e+02 7.523324036598205566e+01
1.442270678333120202e+02 7.529901742935180664e+01
1.289419647255313066e+02 7.536343884468078613e+01
1.184340232090499256e+02 7.543306589126586914e+01
1.548289892417417377e+02 7.549893236160278320e+01
1.370454067100270663e+02 7.556500816345214844e+01
1.397789689258602550e+02 7.563187074661254883e+01
1.498399783771566831e+02 7.569894146919250488e+01
1.202732999570331032e+02 7.576597428321838379e+01
1.581890112423280641e+02 7.583044171333312988e+01
1.473277371000511380e+02 7.589865612983703613e+01
1.333798839937165326e+02 7.596818399429321289e+01
1.943805061794515154e+02 7.603325796127319336e+01
1.503979178777191237e+02 7.609668564796447754e+01
1.733431218611693510e+02 7.616445493698120117e+01
1.523360429930796158e+02 7.623330330848693848e+01
1.940209462382931918e+02 7.629870128631591797e+01
1.679906296422876721e+02 7.636525464057922363e+01
2.119018118734439611e+02 7.643216037750244141e+01
1.820625972856478825e+02 7.649920630455017090e+01
1.865626140382698850e+02 7.656463503837585449e+01
1.838537949685005231e+02 7.663013052940368652e+01
2.094256276950544589e+02 7.669782733917236328e+01
1.907329496073689370e+02 7.676698637008666992e+01
2.085428088831269235e+02 7.683496975898742676e+01
1.970214925163331259e+02 7.689792943000793457e+01
1.806617902897135650e+02 7.696481156349182129e+01
2.131963837291882555e+02 7.703238224983215332e+01
2.136575277592150712e+02 7.709873819351196289e+01
2.016442821196329760e+02 7.716396665573120117e+01
2.055511960308803339e+02 7.723293948173522949e+01
2.426742156920718401e+02 7.729938459396362305e+01
2.352555634239198241e+02 7.736454653739929199e+01
2.474674428010933127e+02 7.743070149421691895e+01
2.337748912345110170e+02 7.749980854988098145e+01
2.254178042436098508e+02 7.756635165214538574e+01
2.613252084321904931e+02 7.763185334205627441e+01
2.304311439296157289e+02 7.769752478599548340e+01
2.249982696407155629e+02 7.776478195190429688e+01
2.538833815324234138e+02 7.783220362663269043e+01
2.418420162540289482e+02 7.789887738227844238e+01
2.263875597550414795e+02 7.796659183502197266e+01
2.673661611224866306e+02 7.803201842308044434e+01
2.463213333462220760e+02 7.809909629821777344e+01
2.251260488656170935e+02 7.816819691658020020e+01
2.880089055367137689e+02 7.823231363296508789e+01
2.499874666970620751e+02 7.829840779304504395e+01
2.246186577642880309e+02 7.836708974838256836e+01
2.759909826274918032e+02 7.843429207801818848e+01
2.392215409587444412e+02 7.849972295761108398e+01
2.451951297756088195e+02 7.856661343574523926e+01
2.936539547140542936e+02 7.863308358192443848e+01
2.413091016344309310e+02 7.870067119598388672e+01
2.823083145923171173e+02 7.876531076431274414e+01
2.373824399762846440e+02 7.883336758613586426e+01
2.418219713703811067e+02 7.889966106414794922e+01
2.578951672249141893e+02 7.896603393554687500e+01
2.577618363901074758e+02 7.903244113922119141e+01
2.425323640522968844e+02 7.909892511367797852e+01
2.284279983802566392e+02 7.916924214363098145e+01
3.049455443093047506e+02 7.923189258575439453e+01
2.553320376295034180e+02 7.929904603958129883e+01
2.447299855119410665e+02 7.936455178260803223e+01
2.588824444005889518e+02 7.943461585044860840e+01
2.452913582140775475e+02 7.950009870529174805e+01
2.428990238080010329e+02 7.956660985946655273e+01
2.931240420719478266e+02 7.963284969329833984e+01
2.466675662529068802e+02 7.969884467124938965e+01
2.555331642422227105e+02 7.976718902587890625e+01
2.805639797095030303e+02 7.983291053771972656e+01
2.374356746231272837e+02 7.990095210075378418e+01
2.280649277334563862e+02 7.997178936004638672e+01
2.926502392993718900e+02 8.003414463996887207e+01
2.471262890019630447e+02 8.010014128684997559e+01
2.616084652220815201e+02 8.016689848899841309e+01
2.790495626616541358e+02 8.023297667503356934e+01
1.330923094496690453e+02 8.030018019676208496e+01
1.058506613532936598e+02 8.036830544471740723e+01
1.399843360626557569e+02 8.043259835243225098e+01
1.200987427849720319e+02 8.050126028060913086e+01
1.415032080833783539e+02 8.056641459465026855e+01
1.192448656851143056e+02 8.063350343704223633e+01
1.049982226195797921e+02 8.070017123222351074e+01
1.059488698289371627e+02 8.076888465881347656e+01
9.336171263541531573e+01 8.083403730392456055e+01
8.158959348361482000e+01 8.090004038810729980e+01
7.883069310182376910e+01 8.096595573425292969e+01
9.764241100965392661e+01 8.103465747833251953e+01
6.641938219113542630e+01 8.110198926925659180e+01
6.556135347112696365e+01 8.116670179367065430e+01
4.972487873335816744e+01 8.123340129852294922e+01
4.585862951645204078e+01 8.130235838890075684e+01
7.924690577131819680e+01 8.136670184135437012e+01
6.090181793769028218e+01 8.143440270423889160e+01
6.059885067020158544e+01 8.150041055679321289e+01
7.540399501499177859e+01 8.156932139396667480e+01
9.041960380343618908e+01 8.163380908966064453e+01
8.191092069012796628e+01 8.169955325126647949e+01
8.866074411547286616e+01 8.176628041267395020e+01
9.128140890240375427e+01 8.183557224273681641e+01
8.620802219410714429e+01 8.190321040153503418e+01
9.860498571989766958e+01 8.196735072135925293e+01
8.942380556854188001e+01 8.203255653381347656e+01
8.583285611229656809e+01 8.210153055191040039e+01
1.031735284146333669e+02 8.216654920578002930e+01
8.688918167895529621e+01 8.223365712165832520e+01
7.942464314401169645e+01 8.230145931243896484e+01
9.043074647899683782e+01 8.236872363090515137e+01
7.860178374859981432e+01 8.243359518051147461e+01
7.397257181556521743e+01 8.250118780136108398e+01
7.708927297990751981e+01 8.256604766845703125e+01
6.032650686844849730e+01 8.263439416885375977e+01
6.007857737199245207e+01 8.270302271842956543e+01
9.918510930396142555e+01 8.276862382888793945e+01
1.104911019757641668e+02 8.283513116836547852e+01
1.036092167799704384e+02 8.290059185028076172e+01
1.006604758498336736e+02 8.296797013282775879e+01
9.911285713768165806e+01 8.303335762023925781e+01
1.028732485169988848e+02 8.310140252113342285e+01
1.629148779938174130e+02 8.317002940177917480e+01
1.508505254800666648e+02 8.323598790168762207e+01
1.541275109099319138e+02 8.330054402351379395e+01
1.595464854911745931e+02 8.336717128753662109e+01
1.738660579263493275e+02 8.343598151206970215e+01
1.398360463699695231e+02 8.350229930877685547e+01
1.578160602279430407e+02 8.356691908836364746e+01
1.210537251734316300e+02 8.363403010368347168e+01
1.092701214183173875e+02 8.370128059387207031e+01
1.475234662178952476e+02 8.376802039146423340e+01
1.109936435305084643e+02 8.383422660827636719e+01
9.240330024002238929e+01 8.390352201461791992e+01
7.015883912854452831e+01 8.396883916854858398e+01
4.461930597221335404e+01 8.403607463836669922e+01
4.842993175310593301e+01 8.410137057304382324e+01
4.522404442287994186e+01 8.416770696640014648e+01
3.619687784449521217e+01 8.423537826538085938e+01
3.603285784570489625e+01 8.430335760116577148e+01
7.652066772075046686e+01 8.436999344825744629e+01
9.528398963194217686e+01 8.443383169174194336e+01
1.063792517011584948e+02 8.450226712226867676e+01
1.054229186338220075e+02 8.456934046745300293e+01
1.090190892312403861e+02 8.463484668731689453e+01
1.485934027220228586e+02 8.470248007774353027e+01
1.968391047418022595e+02 8.476891350746154785e+01
1.944476251849901587e+02 8.483596706390380859e+01
2.140901311391149306e+02 8.490152668952941895e+01
2.589941554035891045e+02 8.496739196777343750e+01
2.029186378911241491e+02 8.503673624992370605e+01
1.924257466623847392e+02 8.510429477691650391e+01
2.068707495321739032e+02 8.516750669479370117e+01
1.644817540983483468e+02 8.523465919494628906e+01
1.630508939633817249e+02 8.530350255966186523e+01
2.046065186801109519e+02 8.536741399765014648e+01
1.656527294812494802e+02 8.543409180641174316e+01
1.817469958982517824e+02 8.550159978866577148e+01
1.946829630830633278e+02 8.556876897811889648e+01
1.830368342232772250e+02 8.563523387908935547e+01
1.830238907150876457e+02 8.570192766189575195e+01
2.126732222949412972e+02 8.576792407035827637e+01
1.754105539184679969e+02 8.583680844306945801e+01
7.733611266901567660e+01 8.590274167060852051e+01
5.039188793786316012e+01 8.596855831146240234e+01
1.377239676728644042e+02 8.603470826148986816e+01
1.365589593407878226e+02 8.610241818428039551e+01
1.721852074077886527e+02 8.616760945320129395e+01
1.371919072162318116e+02 8.623520541191101074e+01
1.475065178020565213e+02 8.630467319488525391e+01
2.146803563193205662e+02 8.637005257606506348e+01
1.994843309303287526e+02 8.643541312217712402e+01
2.111938453019946280e+02 8.650187182426452637e+01
2.218898441877720700e+02 8.656962299346923828e+01
1.943146503017241571e+02 8.663691949844360352e+01
2.124761986595696612e+02 8.670314455032348633e+01
1.814592890825264817e+02 8.676950430870056152e+01
1.822206887765877923e+02 8.683558678627014160e+01
1.846681684838469550e+02 8.690256810188293457e+01
1.805343651699247403e+02 8.696949744224548340e+01
1.827226999539645647e+02 8.703562521934509277e+01
1.638239178179936175e+02 8.710304737091064453e+01
1.796251740311437288e+02 8.717008471488952637e+01
1.644216264700671672e+02 8.723726177215576172e+01
1.894201927029477019e+02 8.730170345306396484e+01
1.613769194182487468e+02 8.737014794349670410e+01
1.563287087633305248e+02 8.743569540977478027e+01
1.059547520170750232e+02 8.750440502166748047e+01
5.583018535348454492e+01 8.756898570060729980e+01
5.055726516502447510e+01 8.763458704948425293e+01
5.498421119670763346e+01 8.770263671875000000e+01
6.231654207232589471e+01 8.777071881294250488e+01
5.122260501471700422e+01 8.783546805381774902e+01
7.638292805921631157e+01 8.790222406387329102e+01
1.507502170780032316e+02 8.797052001953125000e+01
1.776912428717328680e+02 8.803639101982116699e+01
1.735957803335948881e+02 8.810232305526733398e+01
2.058737408392744328e+02 8.816910052299499512e+01
1.694626661805411061e+02 8.823740959167480469e+01
2.031612109701720783e+02 8.830453944206237793e+01
1.996465206292069468e+02 8.836868405342102051e+01
1.883335548695944794e+02 8.843521475791931152e+01
2.015404960485698780e+02 8.850342798233032227e+01
2.226231094715146241e+02 8.857013487815856934e+01
1.952263978001833209e+02 8.863672423362731934e+01
1.774546535251833461e+02 8.870363903045654297e+01
1.646513849629565982e+02 8.877017021179199219e+01
1.394644790060518744e+02 8.883588695526123047e+01
1.423779896285303153e+02 8.890251827239990234e+01
1.665770391777397492e+02 8.897122836112976074e+01
1.241682936898643703e+02 8.903812646865844727e+01
1.568904818262180925e+02 8.910707044601440430e+01
1.269738919217915338e+02 8.917056584358215332e+01
1.286008442881408769e+02 8.923745751380920410e+01
1.570873657969950443e+02 8.930299830436706543e+01
1.416790845159067658e+02 8.936958527565002441e+01
1.471314218015619701e+02 8.943721103668212891e+01
1.850714580018682796e+02 8.950349617004394531e+01
1.799525332944341756e+02 8.957223272323608398e+01
2.239057811752395253e+02 8.963695359230041504e+01
2.014303728917918761e+02 8.970281505584716797e+01
2.282021725573981143e+02 8.977027630805969238e+01
2.154547206511138597e+02 8.983927488327026367e+01
2.971610765817451352e+02 8.990435433387756348e+01
3.019571009279762279e+02 8.996941947937011719e+01
3.167863614401283030e+02 9.003660607337951660e+01
3.722986205177422789e+02 9.010418486595153809e+01
3.108664208123078083e+02 9.017057919502258301e+01
3.219310333275521430e+02 9.023712849617004395e+01
3.546249695274565283e+02 9.030391860008239746e+01
3.291119052312718622e+02 9.037104082107543945e+01
3.253579643961829220e+02 9.043688917160034180e+01
3.876326945360227114e+02 9.050311422348022461e+01
3.083948961985225310e+02 9.057182359695434570e+01
3.065056618572789375e+02 9.063916254043579102e+01
3.451613055848981162e+02 9.070349073410034180e+01
2.742295311364555914e+02 9.076933145523071289e+01
2.789219468159555504e+02 9.083669185638427734e+01
3.285400895209108967e+02 9.090344691276550293e+01
2.859716208702443510e+02 9.097098231315612793e+01
2.598708180054197214e+02 9.103906154632568359e+01
3.203499897680153481e+02 9.110349035263061523e+01
2.763812136121694039e+02 9.117030453681945801e+01
2.802947776912131985e+02 9.123704957962036133e+01
2.810892291843384214e+02 9.130322456359863281e+01
2.956850362851574232e+02 9.137035489082336426e+01
2.259998107773316747e+02 9.144045662879943848e+01
2.604279945899006634e+02 9.150595927238464355e+01
1.843872995636835128e+02 9.157103967666625977e+01
1.549917507930115619e+02 9.163840007781982422e+01
1.801595496492016650e+02 9.170523858070373535e+01
1.324227323556693534e+02 9.177107167243957520e+01
1.198168847159187322e+02 9.183835983276367188e+01
1.293433213248182199e+02 9.190396261215209961e+01
1.127760073050946090e+02 9.197207236289978027e+01
1.343419873775252427e+02 9.203739047050476074e+01
9.264820174904876637e+01 9.210392618179321289e+01
1.077008231852909006e+02 9.217215657234191895e+01
8.997354014312286097e+01 9.224067020416259766e+01
1.699079487363770795e+02 9.230647253990173340e+01
1.706901275081315532e+02 9.237011289596557617e+01
1.978681638441414918e+02 9.243959212303161621e+01
2.250333061973719282e+02 9.250483584403991699e+01
1.986033168535803952e+02 9.257220172882080078e+01
2.323963143537084193e+02 9.263858509063720703e+01
1.820754315105358501e+02 9.270494794845581055e+01
1.800840300018179221e+02 9.277204465866088867e+01
1.827975056384628374e+02 9.283769106864929199e+01
1.973327900880889558e+02 9.290376424789428711e+01
1.764547310638299109e+02 9.297200608253479004e+01
1.617934116178523141e+02 9.304027438163757324e+01
2.076621750361723002e+02 9.310837602615356445e+01
2.011644813127488476e+02 9.317394876480102539e+01
1.905131925885432338e+02 9.323780536651611328e+01
1.986580575849666843e+02 9.330496430397033691e+01
1.801094595003966958e+02 9.337250947952270508e+01
2.170690450243217811e+02 9.343958592414855957e+01
1.644573191314858889e+02 9.350702309608459473e+01
1.953854989224531664e+02 9.357375478744506836e+01
1.938073441126604450e+02 9.364083170890808105e+01
1.958697621065188912e+02 9.370739841461181641e+01
1.631661285245947965e+02 9.377481436729431152e+01
2.156066517593235119e+02 9.383974742889404297e+01
1.836138406577555315e+02 9.390532851219177246e+01
1.791200096799219921e+02 9.397232270240783691e+01
2.146153974795861643e+02 9.403772187232971191e+01
1.769703822735905874e+02 9.410576486587524414e+01
1.797831056648210222e+02 9.417274332046508789e+01
1.979578124996459110e+02 9.423860788345336914e+01
1.374237482096336009e+02 9.430450177192687988e+01
1.084839971361513449e+02 9.437223958969116211e+01
1.068954860883558666e+02 9.443772411346435547e+01
9.065177149436669879e+01 9.450572514533996582e+01
9.793265131080826791e+01 9.457422327995300293e+01
1.091289075619201867e+02 9.464156079292297363e+01
8.808240661661909598e+01 9.470775961875915527e+01
9.719436449017818802e+01 9.477363920211791992e+01
8.954798827349540602e+01 9.483970522880554199e+01
9.953673015685258463e+01 9.490709948539733887e+01
9.893373118629028795e+01 9.497182083129882812e+01
1.155569994579168167e+02 9.503829145431518555e+01
1.081695165573802342e+02 9.510622620582580566e+01
1.099954458220234415e+02 9.517303323745727539e+01
1.124453848186689697e+02 9.523777675628662109e+01
1.102799921224797117e+02 9.530441141128540039e+01
1.186155795325673523e+02 9.537393188476562500e+01
1.278940216459792651e+02 9.543888115882873535e+01
1.106753390904896861e+02 9.550466012954711914e+01
1.215076837314340139e+02 9.557302308082580566e+01
1.400934108545832260e+02 9.563921904563903809e+01
1.382073130567683847e+02 9.570631837844848633e+01
1.423961953979836039e+02 9.577144384384155273e+01
1.178329924029692251e+02 9.584193873405456543e+01
1.556076270292085724e+02 9.590778994560241699e+01
1.438079477927979610e+02 9.597412419319152832e+01
1.415653715460390458e+02 9.603924989700317383e+01
1.451383061547684292e+02 9.610605072975158691e+01
1.418315653594573860e+02 9.617330932617187500e+01
1.420627106652334248e+02 9.624045848846435547e+01
1.393949811683608289e+02 9.630581545829772949e+01
1.249395059680079640e+02 9.637230062484741211e+01
1.108683290729968718e+02 9.644989109039306641e+01
1.291463630109415988e+02 9.650835061073303223e+01
1.191280294122924062e+02 9.657444763183593750e+01
9.734620426245993485e+01 9.664022445678710938e+01
6.811701929197815275e+01 9.670749950408935547e+01
6.484392863875334001e+01 9.677292799949645996e+01
3.380582079190887157e+01 9.683907246589660645e+01
2.976361849411547666e+01 9.690626859664916992e+01
1.978506491412963797e+01 9.697774744033813477e+01
1.473345065846093327e+01 9.704562020301818848e+01
3.574000389572007208e+01 9.710818505287170410e+01
2.133323359545588360e+01 9.717447662353515625e+01
7.567558204991267701e+01 9.724054813385009766e+01
5.024718304022689352e+01 9.730655431747436523e+01
7.509299111267071680e+01 9.737313842773437500e+01
1.057039682640072016e+02 9.744003343582153320e+01
8.978819061989239003e+01 9.750777912139892578e+01
1.086682695673740824e+02 9.757349681854248047e+01
1.267835711208856253e+02 9.763901495933532715e+01
1.393004340642112879e+02 9.770673894882202148e+01
1.487013116941184023e+02 9.777465701103210449e+01
1.587240668213162849e+02 9.784013104438781738e+01
1.416922883438365943e+02 9.790558004379272461e+01
1.316372695420559467e+02 9.797437047958374023e+01
1.529211934709171317e+02 9.804041433334350586e+01
1.172069770080336752e+02 9.811767411231994629e+01
2.139935187219854527e+02 9.817394495010375977e+01
1.183235181295277272e+02 9.824208235740661621e+01
1.536979839518149618e+02 9.830779242515563965e+01
1.423492938602271067e+02 9.837293934822082520e+01
1.436994370479975771e+02 9.843895792961120605e+01
1.236646431413783063e+02 9.850851964950561523e+01
1.448502796392622542e+02 9.857401371002197266e+01
1.157741814207826536e+02 9.864035964012145996e+01
8.826105341238135793e+01 9.870642447471618652e+01
1.186673261348731785e+02 9.877436447143554688e+01
1.102351771995328420e+02 9.883978009223937988e+01
9.568635377256397589e+01 9.890750908851623535e+01
8.269949008913489763e+01 9.897591161727905273e+01
8.589361987772194595e+01 9.904177045822143555e+01
6.500951603251097310e+01 9.910703229904174805e+01
5.566821280239891934e+01 9.917424583435058594e+01
4.936963926268784064e+01 9.924142527580261230e+01
2.147690369755174089e+01 9.930727338790893555e+01
4.222710615445092941e+01 9.937425470352172852e+01
2.126669081309394116e+01 9.944075369834899902e+01
1.514364114265907979e+01 9.950678801536560059e+01
2.044237604084490911e+01 9.957596850395202637e+01
5.580162332518663248e+01 9.964302134513854980e+01
4.678027652716382789e+01 9.970715093612670898e+01
4.215672989503336510e+01 9.977424407005310059e+01
7.416375244434024694e+01 9.984030032157897949e+01
6.560785488792389231e+01 9.990773105621337891e+01
9.067661518488391437e+01 9.997297477722167969e+01
8.378586983612208883e+01 1.000404903888702393e+02
9.656786150390126977e+01 1.001107242107391357e+02
1.244724682528484720e+02 1.001754956245422363e+02
1.040842188787864444e+02 1.002406575679779053e+02
1.217249630951415185e+02 1.003068909645080566e+02
1.065124669633348446e+02 1.003752408027648926e+02
1.421993957518310481e+02 1.004419558048248291e+02
1.318785478736726020e+02 1.005077395439147949e+02
1.352016761256490440e+02 1.005759305953979492e+02
1.616612127836173158e+02 1.006405119895935059e+02
1.544777907769766045e+02 1.007080965042114258e+02
1.558779584633285253e+02 1.007738335132598877e+02
1.855067588724280938e+02 1.008405120372772217e+02
1.472618463261052852e+02 1.009097630977630615e+02
1.848069158411263686e+02 1.009769124984741211e+02
1.763950584419356744e+02 1.010402948856353760e+02
1.557641486703597309e+02 1.011073212623596191e+02
1.558202266666002913e+02 1.011756527423858643e+02
1.916972291020141768e+02 1.012418434619903564e+02
1.672676321770703396e+02 1.013067390918731689e+02
1.461046877462615043e+02 1.013754923343658447e+02
1.755523097518351960e+02 1.014424088001251221e+02
1.600481694403208905e+02 1.015076410770416260e+02
1.718426094244539684e+02 1.015739910602569580e+02
1.505162756682526890e+02 1.016407604217529297e+02
1.479559976842510594e+02 1.017090206146240234e+02
1.974094228755178904e+02 1.017752621173858643e+02
1.705921841313421794e+02 1.018408005237579346e+02
1.973698399528302048e+02 1.019082076549530029e+02
2.242631505779945087e+02 1.019750933647155762e+02
2.195333565585660267e+02 1.020417289733886719e+02
2.401248973573661374e+02 1.021101586818695068e+02
2.855516931429708620e+02 1.021753935813903809e+02
2.638995539310523100e+02 1.022411358356475830e+02
2.397449712787247051e+02 1.023086509704589844e+02
2.950393158412914545e+02 1.023741984367370605e+02
2.609438124182324259e+02 1.024412353038787842e+02
2.572118780905169046e+02 1.025107831954956055e+02
2.981844425063055155e+02 1.025770120620727539e+02
2.826094802003624409e+02 1.026403098106384277e+02
2.454555527716839265e+02 1.027077474594116211e+02
2.172289304991780909e+02 1.027763371467590332e+02
2.240523071334708050e+02 1.028432857990264893e+02
2.112754712043212635e+02 1.029083559513092041e+02
2.031487472007954409e+02 1.029760291576385498e+02
1.764356229339153117e+02 1.030433304309844971e+02
1.546355328451133460e+02 1.031086421012878418e+02
1.688586810395606506e+02 1.031748533248901367e+02
1.509884110401567625e+02 1.032433624267578125e+02
1.526327232084657624e+02 1.033108160495758057e+02
1.536367276825586430e+02 1.033762292861938477e+02
1.322899731497321909e+02 1.034412555694580078e+02
1.386858033477794265e+02 1.035081233978271484e+02
1.233467330101870800e+02 1.035769155025482178e+02
1.217288087690729128e+02 1.036410765647888184e+02
9.706572159361445529e+01 1.037101864814758301e+02
1.087905101916039996e+02 1.037771050930023193e+02
1.024119394141933839e+02 1.038426072597503662e+02
9.676905561748435503e+01 1.039079644680023193e+02
6.138889411956002107e+01 1.039751281738281250e+02
4.760326113102777157e+01 1.040415580272674561e+02
6.343041069454402248e+01 1.041102774143218994e+02
6.441531262261487711e+01 1.041779460906982422e+02
6.523520628103557328e+01 1.042429821491241455e+02
7.610784764059354757e+01 1.043099794387817383e+02
1.207478635060028296e+02 1.043767488002777100e+02
1.079440395826074592e+02 1.044441921710968018e+02
1.496227027160119007e+02 1.045086452960968018e+02
1.244325994918935407e+02 1.045754013061523438e+02
1.389583253879125095e+02 1.046413574218750000e+02
1.449207654339135445e+02 1.047107048034667969e+02
1.695146316490301501e+02 1.047747864723205566e+02
1.575034022288264453e+02 1.048422780036926270e+02
1.661354232027040609e+02 1.049119551181793213e+02
1.938501278673363686e+02 1.049776136875152588e+02
1.849347794282087989e+02 1.050418219566345215e+02
1.819131652180354308e+02 1.051089229583740234e+02
2.135000035963848291e+02 1.051766364574432373e+02
1.790409223949556292e+02 1.052448139190673828e+02
2.205137324467778512e+02 1.053099014759063721e+02
1.946600531429936325e+02 1.053776652812957764e+02
2.014154761777468821e+02 1.054440906047821045e+02
2.020742045652449974e+02 1.055101141929626465e+02
2.313824647584910394e+02 1.055772073268890381e+02
2.157854055752019065e+02 1.056435594558715820e+02
2.006101153426136818e+02 1.057113599777221680e+02
2.410605618673765207e+02 1.057770819664001465e+02
1.887462264119473332e+02 1.058426160812377930e+02
1.846543657441850144e+02 1.059096024036407471e+02
2.166079015253945386e+02 1.059763443470001221e+02
1.705326884322010983e+02 1.060429463386535645e+02
1.641509182989957480e+02 1.061123247146606445e+02
1.934205037203511779e+02 1.061771056652069092e+02
1.537225343492618208e+02 1.062447099685668945e+02
1.455521080373346763e+02 1.063102493286132812e+02
1.433416929061945950e+02 1.063767993450164795e+02
1.206046988543535861e+02 1.064441602230072021e+02
1.406212255651808221e+02 1.065112481117248535e+02
1.072362532131901247e+02 1.065784931182861328e+02
9.942635608983380280e+01 1.066428937911987305e+02
8.215373138193426428e+01 1.067084436416625977e+02
8.679456590342373090e+01 1.067775723934173584e+02
6.732016716514912957e+01 1.068456437587738037e+02
1.060570557462661725e+02 1.069095935821533203e+02
7.471906488467411123e+01 1.069778361320495605e+02
8.170409580631806534e+01 1.070448734760284424e+02
1.409759867713749770e+02 1.071102714538574219e+02
1.409610713682166931e+02 1.071760599613189697e+02
1.452563873501648288e+02 1.072455887794494629e+02
1.947714553390101742e+02 1.073127274513244629e+02
1.756850033842434016e+02 1.073776130676269531e+02
1.546212309073449092e+02 1.074438843727111816e+02
1.542300544573537877e+02 1.075103237628936768e+02
1.340698079600636845e+02 1.075778660774230957e+02
1.210539011993126621e+02 1.076444666385650635e+02
1.525318904668160371e+02 1.077106790542602539e+02
1.215062320299543046e+02 1.077765192985534668e+02
1.205833590841533720e+02 1.078438920974731445e+02
1.050197517318279807e+02 1.079112229347229004e+02
1.063071742546581646e+02 1.079770698547363281e+02
1.359748185891378967e+02 1.080218043327331543e+02
3.933576702234164202e+01 1.081234929561614990e+02
1.873224464711469182e+02 1.081781330108642578e+02
6.147887458133927652e+01 1.082431960105895996e+02
4.907076897716846986e+01 1.082887642383575439e+02
2.280145995085113242e+01 1.083961911201477051e+02
4.049814318410719238e+02 1.084304950237274170e+02
4.033722671579320007e+01 1.085569047927856445e+02
4.932885405354050476e+02 1.085907051563262939e+02
4.109264833261092775e+01 1.086251204013824463e+02
3.036284510713971230e+01 1.086987652778625488e+02
1.891554054703769907e+02 1.087652175426483154e+02
3.861566501586369213e+02 1.088245532512664795e+02
3.103493863154701558e+02 1.088922955989837646e+02
3.810871594086896152e+02 1.089650633335113525e+02
4.034361573207444280e+02 1.090311105251312256e+02
1.458888886070368187e+02 1.091204826831817627e+02
8.239203771608171678e+01 1.091568939685821533e+02
4.844361326799297274e+01 1.092621507644653320e+02
3.664068348616835351e+02 1.093116540908813477e+02
1.090500449237304252e+02 1.093784134387969971e+02
1.470142877553217886e+02 1.094454059600830078e+02
2.278418027751883415e+02 1.095103573799133301e+02
2.460735570927161291e+02 1.095779929161071777e+02
2.538717951960847472e+02 1.096457619667053223e+02
3.159779107964720879e+02 1.097130460739135742e+02
2.728098055431855755e+02 1.097778964042663574e+02
2.618353458184037663e+02 1.098439364433288574e+02
2.262306428546350787e+02 1.099114089012145996e+02
1.840229680016031466e+02 1.099786250591278076e+02
1.833831674910292691e+02 1.100442886352539062e+02
2.118841580116292960e+02 1.101116974353790283e+02
1.895794410063688247e+02 1.101804728507995605e+02
2.212176105328171332e+02 1.102440810203552246e+02
1.642230575156974908e+02 1.103181602954864502e+02
2.252020820153640557e+02 1.103787200450897217e+02
1.569349836059743950e+02 1.104476444721221924e+02
2.322155004908322837e+02 1.105132367610931396e+02
2.041604648898807000e+02 1.105769121646881104e+02
2.012159630103401753e+02 1.106446909904479980e+02
2.008622738643228445e+02 1.107124063968658447e+02
2.019683275667623548e+02 1.107792026996612549e+02
1.660915047041230821e+02 1.108459763526916504e+02
2.133930071317993225e+02 1.109124145507812500e+02
1.875955511862044887e+02 1.109783506393432617e+02
1.861517370007713055e+02 1.110447981357574463e+02
2.003660245408214280e+02 1.111106321811676025e+02
1.710561549630801039e+02 1.111783049106597900e+02
1.721183380094278448e+02 1.112468032836914062e+02
1.920902952832394703e+02 1.113130633831024170e+02
1.745942975774598551e+02 1.113793647289276123e+02
1.614510303447992214e+02 1.114466469287872314e+02
6.223771577342307637e+01 1.115128946304321289e+02
1.017170074685493262e+02 1.115788443088531494e+02
1.610099239944971998e+02 1.116448659896850586e+02
2.106838570309695626e+02 1.117109763622283936e+02
1.649378960686970004e+02 1.117801039218902588e+02
1.759559427719494806e+02 1.118458921909332275e+02
1.851538610615455411e+02 1.119118187427520752e+02
1.826061084312180469e+02 1.119786651134490967e+02
1.881684952926152619e+02 1.120479562282562256e+02
2.340580302111185347e+02 1.121123270988464355e+02
1.958928304908255598e+02 1.121790814399719238e+02
1.803142158039357525e+02 1.122456319332122803e+02
2.187233209484950578e+02 1.123143639564514160e+02
1.851777062307762662e+02 1.123793911933898926e+02
1.967831937169255241e+02 1.124466767311096191e+02
1.969309825912896486e+02 1.125130791664123535e+02
1.675216216260982662e+02 1.125790131092071533e+02
1.798567313771329736e+02 1.126459641456604004e+02
1.677530486701132304e+02 1.127120764255523682e+02
1.067459317995225803e+02 1.127802767753601074e+02
1.089703331448085208e+02 1.128477122783660889e+02
9.806421196182667188e+01 1.129130074977874756e+02
9.658267467535780781e+01 1.129784908294677734e+02
9.451755402771254921e+01 1.130454049110412598e+02
7.837652866976007715e+01 1.131141138076782227e+02
7.771259171422218515e+01 1.131784534454345703e+02
6.344408573737732837e+01 1.132489428520202637e+02
8.035150222770853645e+01 1.133124017715454102e+02
6.693848146428939572e+01 1.133808612823486328e+02
8.204637516282555509e+01 1.134476189613342285e+02
6.385274583399728954e+01 1.135121910572052002e+02
8.112570322255398025e+01 1.135785715579986572e+02
9.419880869378117438e+01 1.136473701000213623e+02
1.427073472707615167e+02 1.137138476371765137e+02
1.265830942356053441e+02 1.137808809280395508e+02
1.678744737194847119e+02 1.138455886840820312e+02
1.276467828135397440e+02 1.139129803180694580e+02
1.375494646038157214e+02 1.139813978672027588e+02
1.704752924720799854e+02 1.140464544296264648e+02
1.691782466917882459e+02 1.141117427349090576e+02
1.631155948264808160e+02 1.141794576644897461e+02
1.783250359544773289e+02 1.142469837665557861e+02
2.036951921816097695e+02 1.143117418289184570e+02
1.623468536552287844e+02 1.143800556659698486e+02
2.031922063689374625e+02 1.144491314888000488e+02
1.955503124163792279e+02 1.145125491619110107e+02
1.802556874448050621e+02 1.145795819759368896e+02
2.007316811769902642e+02 1.146452960968017578e+02
1.763551112089556341e+02 1.147145118713378906e+02
1.777258848292042615e+02 1.147796449661254883e+02
2.030266421330324249e+02 1.148469996452331543e+02
1.802334641743454711e+02 1.149124138355255127e+02
1.712413688167538055e+02 1.149800133705139160e+02
1.961845055625117027e+02 1.150462775230407715e+02
1.372298565021592651e+02 1.151126656532287598e+02
1.508700733009175110e+02 1.151796073913574219e+02
1.502185752163882171e+02 1.152475199699401855e+02
1.085506478573260125e+02 1.153126606941223145e+02
1.055433462307738637e+02 1.153796575069427490e+02
1.110423987819293217e+02 1.154452190399169922e+02
7.333250334979280183e+01 1.155147519111633301e+02
7.775420346306499653e+01 1.155803306102752686e+02
7.418767378184674044e+01 1.156487195491790771e+02
6.496209164926432322e+01 1.157121889591217041e+02
6.054785909134108124e+01 1.157802855968475342e+02
7.750855447896621797e+01 1.158473253250122070e+02
6.622647630229704419e+01 1.159131433963775635e+02
5.636276592434811761e+01 1.159795286655426025e+02
8.965686592890259021e+01 1.160482842922210693e+02
9.590119302812600210e+01 1.161150522232055664e+02
9.555311035363260430e+01 1.161940641403198242e+02
1.945506334935805342e+02 1.162474811077117920e+02
1.193636392741657204e+02 1.163145031929016113e+02
1.512602495345550437e+02 1.163819236755371094e+02
2.133950945505853838e+02 1.164471940994262695e+02
1.621293595017337168e+02 1.165139102935791016e+02
2.023536195265237438e+02 1.165827422142028809e+02
2.455205100080260081e+02 1.166461029052734375e+02
1.983143838058842334e+02 1.167146883010864258e+02
2.139803296551203857e+02 1.167799477577209473e+02
2.175215441041790712e+02 1.168484451770782471e+02
2.368118464494330624e+02 1.169141359329223633e+02
2.224057681544458092e+02 1.169797570705413818e+02
2.317085558808658163e+02 1.170479953289031982e+02
2.397967806073050099e+02 1.171153669357299805e+02
2.007235252727780903e+02 1.171808946132659912e+02
2.237423359901787592e+02 1.172482333183288574e+02
2.144712821253673098e+02 1.173143374919891357e+02
2.104165492249942417e+02 1.173822164535522461e+02
2.186460936560739299e+02 1.174470584392547607e+02
2.044866093231266007e+02 1.175139322280883789e+02
2.152977487505800696e+02 1.175829811096191406e+02
2.569836637666839465e+02 1.176497876644134521e+02
2.275300482978619243e+02 1.177134776115417480e+02
2.360187288741776115e+02 1.177802011966705322e+02
2.566357153517982965e+02 1.178483633995056152e+02
2.323854642681023108e+02 1.179147498607635498e+02
2.229223207449732342e+02 1.179827814102172852e+02
2.748929633543410205e+02 1.180481603145599365e+02
2.364677183047222400e+02 1.181143531799316406e+02
2.638179512199084229e+02 1.181816277503967285e+02
2.388360085713582350e+02 1.182471642494201660e+02
2.754856657352329421e+02 1.183141956329345703e+02
2.331748154873705516e+02 1.183845343589782715e+02
2.784997764615480378e+02 1.184496631622314453e+02
2.486306625290159786e+02 1.185146410465240479e+02
2.420082785874161004e+02 1.185820333957672119e+02
2.706575731042249799e+02 1.186490492820739746e+02
2.286221507056165194e+02 1.187153847217559814e+02
2.549596047523115487e+02 1.187821772098541260e+02
2.274379209248688767e+02 1.188481292724609375e+02
2.094997971197372237e+02 1.189151253700256348e+02
2.075214023183488905e+02 1.189825882911682129e+02
2.437707332134619094e+02 1.190482237339019775e+02
2.107176012078273857e+02 1.191148326396942139e+02
2.066545354727579138e+02 1.191829233169555664e+02
2.268311179201562879e+02 1.192493450641632080e+02
2.170079634820869217e+02 1.193146765232086182e+02
1.974506417816511146e+02 1.193819060325622559e+02
2.288485847051648250e+02 1.194477422237396240e+02
1.890655921019681500e+02 1.195167045593261719e+02
2.352027246582904070e+02 1.195810437202453613e+02
1.969172905582492490e+02 1.196480307579040527e+02
1.772594678793854257e+02 1.197166619300842285e+02
2.319098249384246060e+02 1.197827639579772949e+02
1.864925848003177009e+02 1.198473327159881592e+02
1.820807269475548935e+02 1.199143719673156738e+02
1.771267839707612666e+02 1.199823548793792725e+02
1.786749025538350111e+02 1.200495159626007080e+02
