1.935686466459933581e+04 4.267573356628417969e-02
0.000000000000000000e+00 1.051502704620361328e+00
3.658033050979271138e+03 1.083959102630615234e+00
0.000000000000000000e+00 1.116908073425292969e+00
7.670012188306336043e+01 1.148844003677368164e+00
1.440535259776253838e+02 1.179888963699340820e+00
1.635210036777043854e+02 1.211665630340576172e+00
2.059221785378522611e+02 1.248329162597656250e+00
3.193370141591296374e+02 1.275807857513427734e+00
2.273196707337897919e+02 1.313135385513305664e+00
3.646218852305311771e+02 1.340423583984375000e+00
2.888162847003408160e+02 1.374874114990234375e+00
2.813306033586187596e+02 1.407775163650512695e+00
3.487556440144778094e+02 1.436304807662963867e+00
3.178562950960372859e+02 1.468695640563964844e+00
2.438138091137226127e+02 1.502765178680419922e+00
2.678071904151738067e+02 1.532166957855224609e+00
1.508428222891565724e+02 1.564644336700439453e+00
1.210948359077724064e+02 1.595542907714843750e+00
4.389581589222024860e+01 1.627760410308837891e+00
6.533573576807093275e+01 1.661984682083129883e+00
1.205201245927957387e+02 1.693030595779418945e+00
9.320330358134883397e+01 1.725218296051025391e+00
1.217439591641686576e+02 1.755952119827270508e+00
1.674675496479935077e+02 1.788108587265014648e+00
1.592894442437307987e+02 1.820119619369506836e+00
1.324659083626540337e+02 1.853025436401367188e+00
1.738733558463760289e+02 1.883997201919555664e+00
1.519728692366854546e+02 1.917549371719360352e+00
1.004895868592991235e+02 1.966300487518310547e+00
1.219058114898537752e+02 2.033944606781005859e+00
1.865479910892921964e+02 2.100250959396362305e+00
2.253368856162762484e+02 2.171945810317993164e+00
2.412117413657348948e+02 2.239687681198120117e+00
2.470701640774357486e+02 2.300936460494995117e+00
2.095092362426481145e+02 2.365328550338745117e+00
1.597124816417660327e+02 2.432764291763305664e+00
1.293038279281430789e+02 2.501066684722900391e+00
1.156989267060802860e+02 2.567455768585205078e+00
9.822671879697011832e+01 2.631843090057373047e+00
1.236812226468701539e+02 2.699004650115966797e+00
9.234110994875867107e+01 2.767495870590209961e+00
1.105438075538014431e+02 2.833971500396728516e+00
1.101664696445822926e+02 2.900674819946289062e+00
1.159750617721407480e+02 2.966905832290649414e+00
1.028134844202461977e+02 3.032152175903320312e+00
9.449062000267063866e+01 3.099085330963134766e+00
1.282441089941571875e+02 3.165708303451538086e+00
8.214700452458701818e+01 3.232384204864501953e+00
1.030513645430840768e+02 3.301683902740478516e+00
1.439285641988408884e+02 3.367230176925659180e+00
1.014807438113296882e+02 3.433333396911621094e+00
1.253417913641073369e+02 3.499605178833007812e+00
1.244254893369643753e+02 3.566365003585815430e+00
1.056100084744871452e+02 3.633985757827758789e+00
1.426778282922195444e+02 3.700106620788574219e+00
1.870342332740693507e+02 3.766456365585327148e+00
1.645208988780321704e+02 3.834684610366821289e+00
1.635635346520747930e+02 3.903312206268310547e+00
2.010210271443019963e+02 3.965842008590698242e+00
1.576624385068737411e+02 4.033563137054443359e+00
1.607090795271546426e+02 4.100580692291259766e+00
1.948631079607752099e+02 4.166699409484863281e+00
1.745271447176284880e+02 4.233026266098022461e+00
1.815654425131279481e+02 4.300255775451660156e+00
1.993072862741904885e+02 4.367383718490600586e+00
1.695945618035709686e+02 4.433307647705078125e+00
1.624093271806841869e+02 4.502148151397705078e+00
2.216872571277477846e+02 4.565941333770751953e+00
1.873358182999604935e+02 4.634716749191284180e+00
1.823428353295652471e+02 4.700068235397338867e+00
2.130825044640005501e+02 4.766437530517578125e+00
1.892240245346403356e+02 4.834321260452270508e+00
2.307826886786788521e+02 4.900462865829467773e+00
2.201993510255799151e+02 4.967360973358154297e+00
2.163825529939066143e+02 5.032881259918212891e+00
2.232240302310369771e+02 5.098872900009155273e+00
2.318850865026690826e+02 5.169207334518432617e+00
2.144014572299019790e+02 5.234171390533447266e+00
2.276394315799103936e+02 5.300648212432861328e+00
2.272791420038133481e+02 5.367230415344238281e+00
2.107239740791150950e+02 5.434844017028808594e+00
2.204781781872463000e+02 5.500414371490478516e+00
2.092688445747390915e+02 5.566108465194702148e+00
2.024257395780207105e+02 5.633482217788696289e+00
2.363263205054250307e+02 5.703397035598754883e+00
2.128209974938111486e+02 5.767994642257690430e+00
2.163645925071218130e+02 5.835289478302001953e+00
2.275241627880290594e+02 5.899283647537231445e+00
1.969097632525578376e+02 5.968544721603393555e+00
2.005475957648233702e+02 6.034319162368774414e+00
2.166372324107823317e+02 6.100571393966674805e+00
1.838065634636687093e+02 6.167203664779663086e+00
1.578345048686868211e+02 6.245572566986083984e+00
2.647701425295931017e+02 6.302351236343383789e+00
1.531492831349063692e+02 6.368940114974975586e+00
1.643305801670040012e+02 6.435043334960937500e+00
2.056923458719239477e+02 6.501879692077636719e+00
1.775752814113216402e+02 6.568511486053466797e+00
1.876299784520192304e+02 6.633785963058471680e+00
1.750745210965255296e+02 6.701369524002075195e+00
1.396452652214480281e+02 6.769304752349853516e+00
5.426847134736776468e+01 6.899602651596069336e+00
2.137665145630171253e+02 6.947537899017333984e+00
6.383504768549163799e+01 7.004020214080810547e+00
1.102783816327133906e+02 7.050257921218872070e+00
7.343019690988990078e+01 7.101213216781616211e+00
5.403481652934284796e+01 7.167939662933349609e+00
8.883570962105299884e+01 7.235480070114135742e+00
1.263619095268124681e+02 7.301216840744018555e+00
1.117036201957558461e+02 7.368804931640625000e+00
1.305235927839423198e+02 7.435692787170410156e+00
1.634668110082609189e+02 7.500722169876098633e+00
1.261335753086700038e+02 7.567994356155395508e+00
1.398128177337853799e+02 7.635470151901245117e+00
1.640892341528919474e+02 7.702229261398315430e+00
1.424851634394270832e+02 7.768439531326293945e+00
1.639710660521934358e+02 7.834406375885009766e+00
1.715122708693178026e+02 7.900884151458740234e+00
1.567701279592912726e+02 7.969881057739257812e+00
2.072998163535154958e+02 8.035493612289428711e+00
1.956861317952723027e+02 8.102122783660888672e+00
1.969363060775595784e+02 8.168133974075317383e+00
2.149239233850706512e+02 8.235879898071289062e+00
2.442262340565357590e+02 8.302156209945678711e+00
2.077844042590472782e+02 8.369361639022827148e+00
2.095212972794064967e+02 8.434976577758789062e+00
2.113499350275506288e+02 8.501889944076538086e+00
1.797733259547119644e+02 8.569789648056030273e+00
2.021663747973206284e+02 8.635037422180175781e+00
1.817084992681487847e+02 8.702214002609252930e+00
1.793369355493084640e+02 8.770278930664062500e+00
2.133435897848582101e+02 8.837553977966308594e+00
1.881827803166999615e+02 8.903284311294555664e+00
2.071562618172929717e+02 8.969119548797607422e+00
1.869160216904481899e+02 9.035511255264282227e+00
2.218037828481165263e+02 9.101310491561889648e+00
2.043726555209992455e+02 9.168042421340942383e+00
1.798364725573403291e+02 9.235918283462524414e+00
2.016243072773989979e+02 9.305531263351440430e+00
1.856480476532397859e+02 9.370393753051757812e+00
2.182353625534390744e+02 9.434708118438720703e+00
1.765299395714573052e+02 9.508567571640014648e+00
2.100919691826613018e+02 9.571353912353515625e+00
1.985075136752278127e+02 9.637036085128784180e+00
1.791306759056772648e+02 9.704950332641601562e+00
2.053728333099279268e+02 9.768994569778442383e+00
1.784375132275248177e+02 9.837402582168579102e+00
2.026219439614309294e+02 9.908237457275390625e+00
2.146244966590702461e+02 9.974129915237426758e+00
1.895405354086706780e+02 1.003766036033630371e+01
2.004959960877116316e+02 1.010345172882080078e+01
1.814021098612768128e+02 1.016960310935974121e+01
2.152381879099269781e+02 1.023530769348144531e+01
1.822904033299412561e+02 1.030136489868164062e+01
1.840892661204012200e+02 1.037198281288146973e+01
2.166679187498847057e+02 1.043659782409667969e+01
1.813352212953022047e+02 1.050391268730163574e+01
1.984371877635339843e+02 1.056981110572814941e+01
1.905763721612448762e+02 1.063822674751281738e+01
2.040507652781538752e+02 1.070212459564208984e+01
1.617578217109318643e+02 1.077040791511535645e+01
9.308307993009523784e+01 1.083575558662414551e+01
2.543127062888788714e+01 1.090386271476745605e+01
6.253569448775997586e+01 1.096979475021362305e+01
1.101306482709283614e+02 1.103651976585388184e+01
1.083666126173930877e+02 1.110177111625671387e+01
8.880496224009002049e+01 1.117026686668395996e+01
1.102934095241521533e+02 1.123689341545104980e+01
1.220126427855138758e+02 1.130297064781188965e+01
1.258893450695840528e+02 1.136895418167114258e+01
1.311970500272586548e+02 1.143839502334594727e+01
1.596592255516247008e+02 1.150257515907287598e+01
1.343206281790833430e+02 1.156999135017395020e+01
1.222718427711252218e+02 1.163792705535888672e+01
9.159234178503581347e+01 1.170433831214904785e+01
7.894385609327113684e+01 1.176892876625061035e+01
8.035682675365185901e+01 1.183594441413879395e+01
8.970421505379499649e+01 1.190375351905822754e+01
8.617252817928391551e+01 1.197145032882690430e+01
1.241853988546399279e+02 1.203637146949768066e+01
1.034984593207585561e+02 1.210469198226928711e+01
1.439520510634406207e+02 1.216797995567321777e+01
1.337521516215555550e+02 1.223626136779785156e+01
1.512449887566742746e+02 1.230303716659545898e+01
1.333566406366054480e+02 1.237094068527221680e+01
1.626134699075185779e+02 1.243886470794677734e+01
1.706591688501027022e+02 1.250385117530822754e+01
1.809029306606164198e+02 1.257041501998901367e+01
2.121260651918594249e+02 1.263658165931701660e+01
1.799650386546900620e+02 1.270349240303039551e+01
1.759482053997611501e+02 1.277193069458007812e+01
1.980883149079673728e+02 1.283775186538696289e+01
1.522659275345418735e+02 1.290375399589538574e+01
1.378582041408246539e+02 1.296944022178649902e+01
1.603508376050748723e+02 1.303832268714904785e+01
1.382073494113442109e+02 1.310384297370910645e+01
1.377562025099753384e+02 1.316957783699035645e+01
1.501966296349856975e+02 1.323648929595947266e+01
1.170951435626055996e+02 1.330586910247802734e+01
1.418555824831475718e+02 1.337124276161193848e+01
1.235167407111230631e+02 1.343701553344726562e+01
1.268024897719944306e+02 1.350252389907836914e+01
8.535728341331709146e+01 1.358618903160095215e+01
2.287082864268169544e+02 1.363883948326110840e+01
1.099784109183292742e+02 1.370313453674316406e+01
1.394110325984538292e+02 1.376965451240539551e+01
1.468524499096629370e+02 1.383808970451354980e+01
1.413294120520954777e+02 1.390484142303466797e+01
1.363551243297503959e+02 1.397125172615051270e+01
1.645094015581483404e+02 1.403948473930358887e+01
1.390476628997219848e+02 1.410578966140747070e+01
1.492717935345916089e+02 1.416969585418701172e+01
1.507872763110545691e+02 1.423732781410217285e+01
1.362972426392731506e+02 1.430497074127197266e+01
1.376936947423886863e+02 1.437113523483276367e+01
1.199273671128876657e+02 1.443836140632629395e+01
8.180234571295312662e+01 1.450419282913208008e+01
8.807162199975952888e+01 1.457039976119995117e+01
6.556319067102376152e+01 1.463861083984375000e+01
6.696427759110126487e+01 1.470539474487304688e+01
6.335890036106283674e+01 1.477047014236450195e+01
5.556906469502717272e+01 1.483780360221862793e+01
2.062447966813764211e+01 1.490637326240539551e+01
3.524772104095849556e+01 1.497080469131469727e+01
1.510366905412656102e+01 1.503701376914978027e+01
1.503318602308935681e+01 1.510353326797485352e+01
2.047631929217704183e+01 1.517259907722473145e+01
3.316494818540645895e+01 1.524002170562744141e+01
3.109702101158083565e+01 1.530433654785156250e+01
3.406440725218025989e+01 1.536997890472412109e+01
2.919980646261700130e+01 1.543847250938415527e+01
2.984791759326798299e+01 1.550547885894775391e+01
4.341088485771480521e+01 1.557063364982604980e+01
4.699738089623616588e+01 1.563791990280151367e+01
5.280059961274003655e+01 1.570620608329772949e+01
6.569762647463889493e+01 1.577078437805175781e+01
7.555072014755999987e+01 1.583696508407592773e+01
7.660563556237806893e+01 1.590352702140808105e+01
8.049643737659290821e+01 1.597380161285400391e+01
1.032500076581720521e+02 1.603877210617065430e+01
1.085513063617818261e+02 1.610456061363220215e+01
1.110632357830869239e+02 1.617072534561157227e+01
1.393499820326867678e+02 1.623842525482177734e+01
1.214373284686889605e+02 1.630481553077697754e+01
1.324596700887053373e+02 1.637063026428222656e+01
1.321733676431585138e+02 1.644079279899597168e+01
1.398532815266540865e+02 1.650671577453613281e+01
1.655585005326121859e+02 1.657092356681823730e+01
1.380625959256437341e+02 1.663809323310852051e+01
1.515743216872172070e+02 1.670406746864318848e+01
1.320517635140979564e+02 1.677429461479187012e+01
1.855450600156354142e+02 1.684008216857910156e+01
1.530956329548463941e+02 1.690507340431213379e+01
1.604571356413559613e+02 1.697277235984802246e+01
2.211367108361792191e+02 1.703814744949340820e+01
1.351187876044979532e+02 1.710678052902221680e+01
1.804332374335610893e+02 1.717565464973449707e+01
1.690567321891276151e+02 1.723990988731384277e+01
1.652100894019639838e+02 1.730566120147705078e+01
1.782687323134304052e+02 1.737131881713867188e+01
1.730646269219793680e+02 1.743895077705383301e+01
1.464301595099583437e+02 1.750480914115905762e+01
1.507707441400148127e+02 1.757309579849243164e+01
1.737989781636429711e+02 1.764285659790039062e+01
1.765208681653572853e+02 1.770413351058959961e+01
1.138822484954587679e+02 1.777158164978027344e+01
1.411904344726555109e+02 1.783914566040039062e+01
1.284273581361983076e+02 1.790612769126892090e+01
1.423897080235199439e+02 1.797275352478027344e+01
1.109512909819952284e+02 1.803898501396179199e+01
1.042588562824919762e+02 1.810612559318542480e+01
1.068193538183273574e+02 1.817298078536987305e+01
7.728832170984684069e+01 1.823895478248596191e+01
7.677448492441772032e+01 1.830537033081054688e+01
9.203881328992946464e+01 1.837494015693664551e+01
6.313337939752941708e+01 1.844024801254272461e+01
5.787234368687421693e+01 1.850490164756774902e+01
6.441712832122482268e+01 1.857357883453369141e+01
3.057650233231003511e+01 1.868687176704406738e+01
1.131994120833319641e+02 1.873444414138793945e+01
4.377525322367699800e+01 1.878013205528259277e+01
2.388564480043377714e+01 1.883933973312377930e+01
3.325514446394377188e+01 1.890657949447631836e+01
4.491731486604673051e+01 1.897336888313293457e+01
5.049743581950941262e+01 1.903904795646667480e+01
5.334802534582964029e+01 1.910663342475891113e+01
7.697773022127448428e+01 1.917413544654846191e+01
7.593369589618440330e+01 1.923998236656188965e+01
7.897208755595859486e+01 1.930577969551086426e+01
1.164187769509234158e+02 1.937119674682617188e+01
1.113405643389744597e+02 1.944018459320068359e+01
1.364425295665500357e+02 1.950614643096923828e+01
1.391027930433115500e+02 1.957472443580627441e+01
1.779088344525117122e+02 1.963756752014160156e+01
1.520257181074382515e+02 1.970902109146118164e+01
2.403763222569955076e+02 1.977252292633056641e+01
1.924577335425159959e+02 1.983926606178283691e+01
2.083712094961942967e+02 1.990593767166137695e+01
2.322575282001680250e+02 1.997415065765380859e+01
2.061121214078416131e+02 2.004155302047729492e+01
2.589498159812631002e+02 2.010594129562377930e+01
2.352559353884639108e+02 2.017261075973510742e+01
2.217191584260771720e+02 2.023920321464538574e+01
2.309869653249541273e+02 2.030710482597351074e+01
2.573758219364170259e+02 2.037327027320861816e+01
2.425206339322920712e+02 2.044001269340515137e+01
2.161490794485522429e+02 2.050753331184387207e+01
2.701541479123509930e+02 2.057228469848632812e+01
2.302298884125775658e+02 2.063929271697998047e+01
2.165896871544633768e+02 2.070555949211120605e+01
2.503868234115913083e+02 2.077461910247802734e+01
2.337030722567046723e+02 2.083951234817504883e+01
2.289043413640545452e+02 2.090576601028442383e+01
2.526380112649524108e+02 2.097489356994628906e+01
2.497643215319232297e+02 2.104007029533386230e+01
2.399873548072580718e+02 2.110790228843688965e+01
2.819931221700153401e+02 2.117338681221008301e+01
2.629919092591417780e+02 2.123995041847229004e+01
2.537442722221492204e+02 2.130798220634460449e+01
3.030019459032658347e+02 2.137290692329406738e+01
2.977220539933431951e+02 2.143889760971069336e+01
2.631135255344023562e+02 2.150624513626098633e+01
3.137339574124058572e+02 2.157685899734497070e+01
2.907825130807904088e+02 2.164119672775268555e+01
2.906114242751423262e+02 2.170648550987243652e+01
3.084424732573482402e+02 2.177426004409790039e+01
2.954186280041478767e+02 2.183972334861755371e+01
2.761060772138856692e+02 2.190748095512390137e+01
3.282042555056132187e+02 2.197499537467956543e+01
2.835925886037985606e+02 2.204086995124816895e+01
2.773799194981224900e+02 2.210744357109069824e+01
3.148626233084126511e+02 2.217322564125061035e+01
2.773780543870837505e+02 2.223911285400390625e+01
2.421123671735660423e+02 2.230735683441162109e+01
2.723799230618963065e+02 2.237445306777954102e+01
2.369068849945124384e+02 2.244264650344848633e+01
2.507378344118570794e+02 2.250670695304870605e+01
2.285914744632538032e+02 2.257247185707092285e+01
2.005370672202383844e+02 2.264246225357055664e+01
2.130891498661270589e+02 2.270849680900573730e+01
1.995243606953346216e+02 2.277384424209594727e+01
1.661160322848773774e+02 2.284033608436584473e+01
1.638404013454747314e+02 2.290857529640197754e+01
1.532766019085592291e+02 2.297700119018554688e+01
1.476713530048275231e+02 2.304159998893737793e+01
1.437352538081248383e+02 2.310760211944580078e+01
9.984785727713534698e+01 2.317552876472473145e+01
8.002586065641520463e+01 2.324058580398559570e+01
5.944076726034628422e+01 2.330787968635559082e+01
4.925025889060454176e+01 2.337522196769714355e+01
3.658784913912149506e+01 2.344217014312744141e+01
1.536808550396998463e+01 2.350724005699157715e+01
2.590888468590626204e+01 2.357409167289733887e+01
6.525658997761462388e+01 2.364088797569274902e+01
8.623355531469944424e+01 2.370850610733032227e+01
1.188510841919238885e+02 2.377475714683532715e+01
1.276834613848075435e+02 2.384121274948120117e+01
1.466623761078940618e+02 2.390973663330078125e+01
1.746434935159778661e+02 2.397527313232421875e+01
1.828435266688934462e+02 2.404225635528564453e+01
2.424617239094276044e+02 2.410759854316711426e+01
2.149085958824914826e+02 2.417389559745788574e+01
2.316083583320807691e+02 2.424147725105285645e+01
2.628868852481272711e+02 2.430736303329467773e+01
2.471917680646277518e+02 2.437481403350830078e+01
2.301395701324565550e+02 2.444170737266540527e+01
2.912973568145554850e+02 2.450702309608459473e+01
2.406910425473112696e+02 2.457629585266113281e+01
2.481865847452012872e+02 2.464347648620605469e+01
3.012030125238710525e+02 2.470836567878723145e+01
2.325226014562597072e+02 2.477622890472412109e+01
2.498697403573983422e+02 2.484331607818603516e+01
2.764120086997841668e+02 2.490783047676086426e+01
2.293168702599903952e+02 2.497510528564453125e+01
2.251869961209399378e+02 2.504461407661437988e+01
2.634678561337901215e+02 2.511111712455749512e+01
2.431743637808358756e+02 2.517548441886901855e+01
2.648545810206592250e+02 2.524000287055969238e+01
2.496318884696326279e+02 2.530822086334228516e+01
2.978006456312659225e+02 2.537453508377075195e+01
2.780660474452980111e+02 2.544094443321228027e+01
2.915774054202845491e+02 2.550893402099609375e+01
2.898921013685994694e+02 2.557537722587585449e+01
2.767822055349467405e+02 2.564311265945434570e+01
3.169363885045743245e+02 2.570731163024902344e+01
2.763900900027147145e+02 2.577412366867065430e+01
2.815641316187012535e+02 2.584122896194458008e+01
3.123344886826665743e+02 2.590785193443298340e+01
2.774567506008166333e+02 2.597566390037536621e+01
2.758567660030489606e+02 2.604111623764038086e+01
2.743586543896651619e+02 2.610871839523315430e+01
2.412785706314952279e+02 2.617605996131896973e+01
2.479176742470215231e+02 2.624221587181091309e+01
2.564893876894844311e+02 2.630940651893615723e+01
2.551371123636172911e+02 2.637718033790588379e+01
2.819996567995185046e+02 2.644227814674377441e+01
2.606488050791604110e+02 2.650884032249450684e+01
2.826980049689879024e+02 2.657473373413085938e+01
2.690734581256235742e+02 2.664336252212524414e+01
2.972161256526226794e+02 2.671337437629699707e+01
3.488559268263517197e+02 2.677551889419555664e+01
2.408040472420278491e+02 2.684260869026184082e+01
2.451261614445583916e+02 2.691062808036804199e+01
1.600579515617212394e+02 2.697704243659973145e+01
1.668573051414353756e+02 2.704186820983886719e+01
1.869659158044184721e+02 2.710909867286682129e+01
1.647392418058379064e+02 2.717857527732849121e+01
1.759033157848273561e+02 2.724314379692077637e+01
1.325940351671924304e+02 2.730845785140991211e+01
1.175649132021174808e+02 2.737543368339538574e+01
1.129040590114852165e+02 2.744346618652343750e+01
1.107241151289575356e+02 2.751105141639709473e+01
1.212348125989903451e+02 2.757440900802612305e+01
9.441009041987690864e+01 2.764223146438598633e+01
8.949213644963253955e+01 2.771020126342773438e+01
9.253161745780784031e+01 2.777504396438598633e+01
7.771529039024136409e+01 2.784190535545349121e+01
8.980260185440370435e+01 2.791054940223693848e+01
7.681971078594796154e+01 2.797692584991455078e+01
7.727276746893838322e+01 2.804163169860839844e+01
5.861711917880489153e+01 2.810987114906311035e+01
5.973345486135836069e+01 2.817683529853820801e+01
6.043926970906523621e+01 2.824301743507385254e+01
6.174859467104182187e+01 2.830978989601135254e+01
4.735630476704825043e+01 2.837656617164611816e+01
4.764943521863964548e+01 2.844293165206909180e+01
6.286537604410015234e+01 2.851041936874389648e+01
4.268212489172837820e+01 2.857668662071228027e+01
6.692711625497736350e+01 2.864280581474304199e+01
2.274650565819444026e+01 2.877469420433044434e+01
8.910665611225689986e+01 2.882361197471618652e+01
3.102582643691795639e+01 2.886919379234313965e+01
2.978449426325481397e+01 2.891667532920837402e+01
1.604210268649409343e+01 2.897901129722595215e+01
2.100380159739002650e+01 2.904634261131286621e+01
1.504564303445109275e+01 2.911280703544616699e+01
2.209317387512700037e+01 2.917681837081909180e+01
6.563801305221615223e+01 2.924145531654357910e+01
9.076123855300006937e+01 2.930937433242797852e+01
1.242998626254316292e+02 2.937620162963867188e+01
1.203920658045169176e+02 2.944368147850036621e+01
1.437022334816619207e+02 2.950933098793029785e+01
1.390815299326039280e+02 2.957600855827331543e+01
1.652495297658902587e+02 2.964312243461608887e+01
2.186658654315702393e+02 2.970876002311706543e+01
2.085224940235705162e+02 2.977607011795043945e+01
2.053545676463772622e+02 2.984510898590087891e+01
2.561050694783003223e+02 2.991160273551940918e+01
2.219206362038314921e+02 2.997548794746398926e+01
1.908190887009786820e+02 3.004381656646728516e+01
1.989132956141483248e+02 3.010936474800109863e+01
1.946826570500896878e+02 3.017712068557739258e+01
1.983455202088460112e+02 3.024285650253295898e+01
1.763443939261761386e+02 3.031137609481811523e+01
1.812619629488179669e+02 3.037780809402465820e+01
2.121775270592407594e+02 3.044412636756896973e+01
2.026647629430758570e+02 3.050921368598937988e+01
1.939313317130216205e+02 3.057723212242126465e+01
2.136948797591306857e+02 3.064488387107849121e+01
1.831699111852282442e+02 3.071152448654174805e+01
3.210773979429640690e+02 3.075523877143859863e+01
1.297100152192692519e+02 3.082505130767822266e+01
2.148431304340568602e+02 3.089153170585632324e+01
1.976673104723532219e+02 3.095749306678771973e+01
1.752874828922991810e+02 3.102618932723999023e+01
2.433151696855138937e+02 3.108387446403503418e+01
1.523727594399599070e+02 3.114950299263000488e+01
1.040453034523328597e+02 3.121678137779235840e+01
1.501913601466712578e+01 3.128336310386657715e+01
5.988120281966627800e+01 3.135016202926635742e+01
7.425886385445326709e+01 3.141749405860900879e+01
8.901720897214632089e+01 3.148582649230957031e+01
6.236048707236206212e+01 3.154996967315673828e+01
3.015001311869000133e+01 3.161724686622619629e+01
0.000000000000000000e+00 3.169181609153747559e+01
2.923766603580901347e+01 3.176022100448608398e+01
3.036061657841685957e+01 3.182609581947326660e+01
4.565941171774644403e+01 3.189179968833923340e+01
1.100090487293747898e+01 3.198270130157470703e+01
4.309658520674621940e+01 3.201551628112792969e+01
0.000000000000000000e+00 3.209163165092468262e+01
0.000000000000000000e+00 3.215859150886535645e+01
1.435825248700867540e+01 3.222823786735534668e+01
1.562467730339255212e+01 3.229223918914794922e+01
0.000000000000000000e+00 3.235860300064086914e+01
0.000000000000000000e+00 3.242622542381286621e+01
1.504866602563182632e+01 3.249267649650573730e+01
0.000000000000000000e+00 3.255867314338684082e+01
1.473464111067393567e+01 3.262654042243957520e+01
0.000000000000000000e+00 3.269231581687927246e+01
0.000000000000000000e+00 3.275930905342102051e+01
1.499754707400971121e+01 3.282598662376403809e+01
0.000000000000000000e+00 3.288402700424194336e+01
0.000000000000000000e+00 3.295192575454711914e+01
1.486577469031880838e+01 3.301919436454772949e+01
0.000000000000000000e+00 3.308534884452819824e+01
0.000000000000000000e+00 3.315076589584350586e+01
0.000000000000000000e+00 3.322005748748779297e+01
0.000000000000000000e+00 3.328767442703247070e+01
0.000000000000000000e+00 3.335300064086914062e+01
0.000000000000000000e+00 3.341752052307128906e+01
1.484993237645426056e+01 3.348486089706420898e+01
1.495434157889857829e+01 3.355173110961914062e+01
0.000000000000000000e+00 3.361746430397033691e+01
0.000000000000000000e+00 3.368470072746276855e+01
0.000000000000000000e+00 3.375154399871826172e+01
0.000000000000000000e+00 3.381974339485168457e+01
0.000000000000000000e+00 3.388464236259460449e+01
0.000000000000000000e+00 3.395115876197814941e+01
1.340971478446580889e+01 3.402573156356811523e+01
1.679871835950016035e+01 3.408525991439819336e+01
0.000000000000000000e+00 3.415173220634460449e+01
0.000000000000000000e+00 3.421921539306640625e+01
0.000000000000000000e+00 3.428441166877746582e+01
0.000000000000000000e+00 3.435244631767272949e+01
0.000000000000000000e+00 3.441885137557983398e+01
0.000000000000000000e+00 3.448458504676818848e+01
2.090107542571326604e+01 3.455224728584289551e+01
0.000000000000000000e+00 3.461940836906433105e+01
0.000000000000000000e+00 3.468470144271850586e+01
0.000000000000000000e+00 3.475160384178161621e+01
0.000000000000000000e+00 3.481827449798583984e+01
0.000000000000000000e+00 3.488567233085632324e+01
0.000000000000000000e+00 3.495137715339660645e+01
0.000000000000000000e+00 3.501931858062744141e+01
2.157431294651822995e+01 3.508486938476562500e+01
0.000000000000000000e+00 3.515447473526000977e+01
0.000000000000000000e+00 3.521819758415222168e+01
0.000000000000000000e+00 3.528584575653076172e+01
0.000000000000000000e+00 3.535201644897460938e+01
0.000000000000000000e+00 3.541965794563293457e+01
0.000000000000000000e+00 3.548562932014465332e+01
0.000000000000000000e+00 3.555148744583129883e+01
2.123950529414024402e+01 3.561807155609130859e+01
0.000000000000000000e+00 3.568561339378356934e+01
0.000000000000000000e+00 3.575310039520263672e+01
0.000000000000000000e+00 3.581849122047424316e+01
0.000000000000000000e+00 3.588476133346557617e+01
0.000000000000000000e+00 3.595211553573608398e+01
0.000000000000000000e+00 3.601848292350769043e+01
0.000000000000000000e+00 3.608499860763549805e+01
2.104545909872209108e+01 3.615219664573669434e+01
0.000000000000000000e+00 3.622132539749145508e+01
0.000000000000000000e+00 3.628557896614074707e+01
0.000000000000000000e+00 3.635168361663818359e+01
0.000000000000000000e+00 3.641925859451293945e+01
0.000000000000000000e+00 3.648885703086853027e+01
0.000000000000000000e+00 3.655413508415222168e+01
0.000000000000000000e+00 3.661916875839233398e+01
2.104112917208768252e+01 3.668638062477111816e+01
0.000000000000000000e+00 3.675221085548400879e+01
0.000000000000000000e+00 3.681881523132324219e+01
0.000000000000000000e+00 3.688613152503967285e+01
0.000000000000000000e+00 3.695404291152954102e+01
0.000000000000000000e+00 3.702034497261047363e+01
0.000000000000000000e+00 3.708543848991394043e+01
0.000000000000000000e+00 3.715187120437622070e+01
2.081358088036984810e+01 3.721981787681579590e+01
0.000000000000000000e+00 3.728594112396240234e+01
0.000000000000000000e+00 3.735339355468750000e+01
0.000000000000000000e+00 3.742196941375732422e+01
0.000000000000000000e+00 3.748558068275451660e+01
0.000000000000000000e+00 3.755354952812194824e+01
0.000000000000000000e+00 3.761964082717895508e+01
0.000000000000000000e+00 3.768757629394531250e+01
2.159418393122252766e+01 3.775306677818298340e+01
0.000000000000000000e+00 3.782045292854309082e+01
0.000000000000000000e+00 3.788661861419677734e+01
0.000000000000000000e+00 3.795167994499206543e+01
0.000000000000000000e+00 3.801946997642517090e+01
0.000000000000000000e+00 3.808620715141296387e+01
0.000000000000000000e+00 3.816165900230407715e+01
2.463429075168082605e+01 3.821906733512878418e+01
0.000000000000000000e+00 3.829491639137268066e+01
0.000000000000000000e+00 3.836144638061523438e+01
0.000000000000000000e+00 3.845554757118225098e+01
0.000000000000000000e+00 3.850849294662475586e+01
0.000000000000000000e+00 3.857215070724487305e+01
0.000000000000000000e+00 3.863556146621704102e+01
0.000000000000000000e+00 3.870000195503234863e+01
1.456047156678620169e+01 3.876868104934692383e+01
1.100951716585381348e+02 3.883290791511535645e+01
2.228471907549923969e+02 3.890081429481506348e+01
2.379650860729711326e+02 3.897286868095397949e+01
2.762451597098742582e+02 3.904212284088134766e+01
2.717529770398184610e+02 3.911223268508911133e+01
2.404599229317001630e+02 3.917890167236328125e+01
2.357149406307647439e+02 3.924691271781921387e+01
1.816814171890601131e+02 3.931409931182861328e+01
1.959530186403286223e+02 3.938083314895629883e+01
1.682483852050404494e+02 3.944754981994628906e+01
1.686752132358847120e+02 3.951330065727233887e+01
1.944946508398761864e+02 3.958033800125122070e+01
1.924400407137177922e+02 3.964809107780456543e+01
1.853870571738200681e+02 3.971304488182067871e+01
2.347126054414719647e+02 3.978147912025451660e+01
1.975366484852613667e+02 3.984748411178588867e+01
1.846469403798033113e+02 3.991369056701660156e+01
2.256558061357636973e+02 3.998075175285339355e+01
1.818162534723852843e+02 4.004675245285034180e+01
1.956958959665210500e+02 4.011396360397338867e+01
2.082175211159729713e+02 4.018120098114013672e+01
1.930623469164557946e+02 4.024873566627502441e+01
1.875925622349668913e+02 4.031292581558227539e+01
2.076435801767828195e+02 4.038052082061767578e+01
1.782696463212307378e+02 4.044806790351867676e+01
1.827167710134571905e+02 4.051419782638549805e+01
1.929296295683315918e+02 4.058237266540527344e+01
1.697154780588922165e+02 4.064824962615966797e+01
1.822607806935961889e+02 4.071499752998352051e+01
1.854272141487968497e+02 4.077993726730346680e+01
1.223692146633180897e+02 4.084632682800292969e+01
1.171077308271329400e+02 4.091617131233215332e+01
1.048289552084639240e+02 4.098362469673156738e+01
9.492133050033463348e+01 4.104770684242248535e+01
1.058084273961869997e+02 4.111453580856323242e+01
9.308448681181002371e+01 4.118075966835021973e+01
6.122827327877617165e+01 4.124809956550598145e+01
3.381215836259284657e+01 4.131423163414001465e+01
4.702103978401243012e+01 4.138148403167724609e+01
4.514275873945238260e+01 4.144793987274169922e+01
3.666684972702841350e+01 4.151474380493164062e+01
4.836688390374022362e+01 4.158012485504150391e+01
2.116561201472876874e+01 4.164694142341613770e+01
4.106348957958416435e+01 4.171582078933715820e+01
5.444411372439386554e+01 4.178306412696838379e+01
6.675191142926280463e+01 4.184662246704101562e+01
5.270399228015707394e+01 4.191503381729125977e+01
8.314666631411381559e+01 4.198306846618652344e+01
1.091895781030861059e+02 4.204847240447998047e+01
1.440772203424763518e+02 4.211787962913513184e+01
1.452003566732946354e+02 4.218285179138183594e+01
1.577571656342542212e+02 4.224842143058776855e+01
1.639248541555451482e+02 4.231440687179565430e+01
1.488471524338338554e+02 4.238057446479797363e+01
1.623013706404509264e+02 4.245082497596740723e+01
2.164275853638076512e+02 4.251904559135437012e+01
1.494495623171804652e+02 4.258793592453002930e+01
2.286319288814457877e+02 4.264869928359985352e+01
1.924946283056050333e+02 4.271399879455566406e+01
1.892262393409190508e+02 4.278509688377380371e+01
2.409838863066240719e+02 4.284857439994812012e+01
2.294487117781804386e+02 4.291524314880371094e+01
2.143630930341238923e+02 4.298219823837280273e+01
2.376651851332530612e+02 4.304859304428100586e+01
2.630734379312399938e+02 4.311421227455139160e+01
2.164146300008310391e+02 4.318101382255554199e+01
2.139052026874264811e+02 4.324859905242919922e+01
2.317102462551536917e+02 4.331628870964050293e+01
2.180753177058244034e+02 4.338399386405944824e+01
2.037823574672163716e+02 4.344797587394714355e+01
1.993208079933466195e+02 4.351639914512634277e+01
2.156172429411730320e+02 4.358116316795349121e+01
1.562347793902198703e+02 4.365009999275207520e+01
1.602088085821962409e+02 4.371436381340026855e+01
1.269559965969548045e+02 4.378212213516235352e+01
1.084801789307566366e+02 4.384986233711242676e+01
1.504634053186166796e+02 4.391498088836669922e+01
1.213225594475782998e+02 4.398244857788085938e+01
1.044561897849691832e+02 4.404946231842041016e+01
9.604420422825945991e+01 4.411773753166198730e+01
9.421364084008828854e+01 4.418316769599914551e+01
8.658158184969794036e+01 4.424951624870300293e+01
1.071256020315829431e+02 4.431486010551452637e+01
7.545801191114561846e+01 4.438243436813354492e+01
6.405037956911014874e+01 4.444867348670959473e+01
4.693285672030372524e+01 4.451605224609375000e+01
4.571448112509823147e+01 4.458522677421569824e+01
4.963310471483533348e+01 4.464893984794616699e+01
4.718698557075217082e+01 4.471595573425292969e+01
2.177484362249171213e+01 4.478090286254882812e+01
2.071581300689307881e+01 4.484917020797729492e+01
4.704972894824453533e+01 4.491638159751892090e+01
7.978769323860510099e+01 4.498387527465820312e+01
8.385921882664833049e+01 4.504918980598449707e+01
8.357184898138346796e+01 4.511472892761230469e+01
9.631508794609773361e+01 4.518359923362731934e+01
1.100417859850668805e+02 4.525037813186645508e+01
1.470837937092831567e+02 4.531629538536071777e+01
1.410638878522571531e+02 4.538317275047302246e+01
1.435328131858006486e+02 4.545072078704833984e+01
1.696025357388148507e+02 4.551764082908630371e+01
1.510350686862529130e+02 4.558183360099792480e+01
1.223420040926075103e+02 4.564873909950256348e+01
1.456311903680985722e+02 4.571671557426452637e+01
1.221665612400167475e+02 4.578371715545654297e+01
1.144728002040591548e+02 4.584908914566040039e+01
1.532954302071842108e+02 4.591593360900878906e+01
1.337377742629777231e+02 4.598197150230407715e+01
1.640082970292575055e+02 4.605014085769653320e+01
2.137204958159881585e+02 4.611647725105285645e+01
2.032411478130893840e+02 4.618212175369262695e+01
2.132076590853421578e+02 4.625009012222290039e+01
2.180485072772809474e+02 4.631654953956604004e+01
2.115100135434976778e+02 4.638274025917053223e+01
2.153756419936223097e+02 4.644889354705810547e+01
2.189335720950993220e+02 4.651906228065490723e+01
2.137969974833413573e+02 4.658487820625305176e+01
2.807691962195125939e+02 4.664799070358276367e+01
1.896610073658908959e+02 4.671734046936035156e+01
2.086932517166288505e+02 4.678459548950195312e+01
2.197889587032881593e+02 4.684926056861877441e+01
1.530226924168581775e+02 4.691685891151428223e+01
1.520382315882507953e+02 4.698393440246582031e+01
1.432880496277043676e+02 4.705014252662658691e+01
1.767193424596011369e+02 4.711564660072326660e+01
1.077117692073344699e+02 4.718323540687561035e+01
1.198181583519459679e+02 4.725052285194396973e+01
9.892986289634478680e+01 4.731833052635192871e+01
7.931033778086411701e+01 4.738384723663330078e+01
7.432255903840194833e+01 4.744976234436035156e+01
5.628534426491174969e+01 4.751623892784118652e+01
4.421938664316557777e+01 4.759124279022216797e+01
3.774235539811535745e+01 4.765048837661743164e+01
2.123327081399978056e+01 4.771709203720092773e+01
1.528246833690408479e+01 4.778252649307250977e+01
2.526157023721793848e+01 4.785109114646911621e+01
3.392148862971918533e+01 4.791701006889343262e+01
3.682323902035961538e+01 4.798353028297424316e+01
6.354444961381690149e+01 4.804841566085815430e+01
6.432921239222238796e+01 4.811793518066406250e+01
7.847277172494190722e+01 4.818415117263793945e+01
9.351536433001837167e+01 4.824919676780700684e+01
9.499078482066411766e+01 4.831660461425781250e+01
1.069822964289552374e+02 4.838465428352355957e+01
1.700454361644861763e+02 4.845323538780212402e+01
1.658909000081789316e+02 4.851759743690490723e+01
1.709770189345926497e+02 4.858376836776733398e+01
1.890310705066965511e+02 4.865130829811096191e+01
2.219812739083162398e+02 4.871842956542968750e+01
1.972491083871555020e+02 4.878335380554199219e+01
2.091606884192294444e+02 4.885130476951599121e+01
2.549492462911471762e+02 4.891821503639221191e+01
2.287020436650744841e+02 4.898380255699157715e+01
2.478792610819182585e+02 4.904996871948242188e+01
2.697914342469156281e+02 4.911596226692199707e+01
2.503976250899225136e+02 4.918397164344787598e+01
2.432625661901305136e+02 4.925151872634887695e+01
2.972275772358281074e+02 4.931863880157470703e+01
2.996428016685332523e+02 4.938352346420288086e+01
2.872096283693936698e+02 4.945076775550842285e+01
3.069537606910636214e+02 4.951824474334716797e+01
2.998863285938572858e+02 4.958307671546936035e+01
2.761887253880616981e+02 4.965148806571960449e+01
3.265793519903062361e+02 4.971926927566528320e+01
2.944108629334574516e+02 4.978451609611511230e+01
3.420098070927767822e+02 4.985028743743896484e+01
3.169522054854658677e+02 4.991654348373413086e+01
2.492556001673641219e+02 4.999658155441284180e+01
4.759697919339379837e+02 5.005112600326538086e+01
2.805789639900826842e+02 5.011818337440490723e+01
3.304027230878637624e+02 5.018449306488037109e+01
3.494848198582064924e+02 5.025202345848083496e+01
2.988184961128703776e+02 5.031928753852844238e+01
3.176627738696971051e+02 5.038426136970520020e+01
3.312116603745005250e+02 5.045075273513793945e+01
3.140580789352989655e+02 5.051911878585815430e+01
3.161813024801421079e+02 5.058508300781250000e+01
3.400008484248323839e+02 5.065124297142028809e+01
3.079463923598058273e+02 5.071723628044128418e+01
2.765573344672196754e+02 5.078526878356933594e+01
2.859325848179900618e+02 5.085685729980468750e+01
3.128173186002237571e+02 5.091759562492370605e+01
2.171928555390766178e+02 5.098479175567626953e+01
2.780003443107556222e+02 5.105199146270751953e+01
2.436895770874601510e+02 5.111828684806823730e+01
2.488827896473781038e+02 5.118455266952514648e+01
2.282384001080286566e+02 5.125492811203002930e+01
2.328415322963349183e+02 5.132048487663269043e+01
2.528799829973386863e+02 5.138534259796142578e+01
2.093072067643733192e+02 5.145067620277404785e+01
2.181448287033182396e+02 5.151773595809936523e+01
1.568126245588220513e+02 5.158552479743957520e+01
2.220122683793763940e+02 5.165248537063598633e+01
1.933593431645417411e+02 5.171831059455871582e+01
1.702632872514111000e+02 5.178397560119628906e+01
1.653004156379416543e+02 5.185161209106445312e+01
1.648732497424483654e+02 5.191942381858825684e+01
1.457818514000483958e+02 5.198413681983947754e+01
1.698017096377202790e+02 5.205205464363098145e+01
1.602916592712010129e+02 5.211924672126770020e+01
1.637187522207563006e+02 5.218698811531066895e+01
1.718695387912418937e+02 5.225203943252563477e+01
1.506190006330659230e+02 5.231876325607299805e+01
1.335694708348813720e+02 5.238614392280578613e+01
1.647182108999130605e+02 5.245347428321838379e+01
1.601586786492386523e+02 5.252072215080261230e+01
1.647102008280057817e+02 5.258526062965393066e+01
1.475748762158550846e+02 5.265165376663208008e+01
1.470728297342098188e+02 5.271930646896362305e+01
1.554821941803091363e+02 5.278552389144897461e+01
1.902995803242387467e+02 5.285220074653625488e+01
1.881187045037552821e+02 5.291901922225952148e+01
2.038468228625401366e+02 5.298592329025268555e+01
2.366143293431279631e+02 5.305166888236999512e+01
2.017935566225185653e+02 5.311796975135803223e+01
1.835249752515192085e+02 5.318536829948425293e+01
1.724418506685729255e+02 5.325373816490173340e+01
1.579648268575026009e+02 5.331891489028930664e+01
1.711787922832777156e+02 5.338603258132934570e+01
1.863388439286177913e+02 5.345433783531188965e+01
1.706943054343599329e+02 5.351851367950439453e+01
1.625657093605848331e+02 5.358533453941345215e+01
1.787209263316251793e+02 5.365363407135009766e+01
1.820532827760061423e+02 5.372179913520812988e+01
2.076429423211319829e+02 5.378532600402832031e+01
1.865150385259431118e+02 5.385077142715454102e+01
1.764608961319797231e+02 5.392000746726989746e+01
1.775926563178659023e+02 5.398781204223632812e+01
2.133479691478288771e+02 5.405376648902893066e+01
1.986729518725876176e+02 5.411974811553955078e+01
1.981711890546457937e+02 5.418573498725891113e+01
2.094673043862866280e+02 5.425291132926940918e+01
1.962067640806136808e+02 5.431994748115539551e+01
1.985618192286305828e+02 5.438637971878051758e+01
2.287692311354490755e+02 5.445252823829650879e+01
1.948785816053789119e+02 5.452098965644836426e+01
2.189141350249286120e+02 5.458575224876403809e+01
1.942804424142421453e+02 5.465461707115173340e+01
1.928685486862282517e+02 5.471875047683715820e+01
1.966028092297501928e+02 5.478736972808837891e+01
1.891202121205854212e+02 5.485446238517761230e+01
1.403258736650998628e+02 5.491977572441101074e+01
1.374445735431259550e+02 5.498606014251708984e+01
1.388755766383651178e+02 5.505399131774902344e+01
1.460332178196314032e+02 5.512038278579711914e+01
1.576436700333444492e+02 5.518599963188171387e+01
1.263703865172458194e+02 5.525407195091247559e+01
1.127172167813124730e+02 5.532221722602844238e+01
1.600996990186791606e+02 5.538682746887207031e+01
1.373955340406558889e+02 5.545233178138732910e+01
1.592277828268141207e+02 5.551997280120849609e+01
1.793897728322930618e+02 5.558755946159362793e+01
1.728311080349582767e+02 5.565453720092773438e+01
1.961441769601935619e+02 5.571841859817504883e+01
1.888449735352080552e+02 5.578581738471984863e+01
2.339391398982456280e+02 5.585340499877929688e+01
1.189059594018887509e+02 5.596686220169067383e+01
5.381112670850445738e+02 5.601306009292602539e+01
2.692208906573357581e+02 5.605778765678405762e+01
1.972079370746550921e+02 5.612050986289978027e+01
2.752291648665252524e+02 5.618611145019531250e+01
2.784203417761830792e+02 5.625165367126464844e+01
2.659166273996503946e+02 5.631955265998840332e+01
2.980426190696476851e+02 5.638880372047424316e+01
2.704592439813719125e+02 5.645337629318237305e+01
2.507548133191448017e+02 5.651974916458129883e+01
2.251033468837198370e+02 5.658682799339294434e+01
2.493615378836847754e+02 5.665333032608032227e+01
2.176378271467014542e+02 5.671991515159606934e+01
2.579929329622846694e+02 5.678716254234313965e+01
2.122671037216567242e+02 5.685477876663208008e+01
2.335487064744771430e+02 5.692179894447326660e+01
2.589255424083875710e+02 5.698756837844848633e+01
2.502731523071229844e+02 5.705382847785949707e+01
2.450458364325354239e+02 5.711975693702697754e+01
2.602758893485443537e+02 5.718848609924316406e+01
2.659195220266813635e+02 5.725575661659240723e+01
3.028628758036358022e+02 5.731983256340026855e+01
2.163760170763672477e+02 5.738664603233337402e+01
2.952996259125663983e+02 5.745420432090759277e+01
2.458196875069092187e+02 5.752239680290222168e+01
3.258020669763193951e+02 5.758626580238342285e+01
2.659327805815913734e+02 5.765447235107421875e+01
2.534837951232808848e+02 5.772118878364562988e+01
3.108371331580157744e+02 5.778719854354858398e+01
2.621172609211181452e+02 5.785305714607238770e+01
2.711215233425078850e+02 5.791995835304260254e+01
2.918284567298853176e+02 5.798823428153991699e+01
2.423958869879147073e+02 5.805551886558532715e+01
2.322967689052825051e+02 5.812009143829345703e+01
2.709128837483840471e+02 5.818694233894348145e+01
2.351441010769209470e+02 5.825617146492004395e+01
2.646739259797293471e+02 5.832084441184997559e+01
2.443170988295655945e+02 5.838747429847717285e+01
2.273661377032912583e+02 5.845417618751525879e+01
2.418431506331234004e+02 5.852161455154418945e+01
2.734513248103172032e+02 5.858904552459716797e+01
2.358339538841747753e+02 5.865390920639038086e+01
2.472141724775391651e+02 5.872062230110168457e+01
2.222263109751792172e+02 5.878945779800415039e+01
2.770031717695364364e+02 5.885543417930603027e+01
2.538614447040939694e+02 5.891967988014221191e+01
2.674322827370306186e+02 5.898781251907348633e+01
2.416782478665726330e+02 5.905529689788818359e+01
2.304484708432335651e+02 5.912110662460327148e+01
2.680064682158489404e+02 5.918960332870483398e+01
2.293086814359670598e+02 5.925574016571044922e+01
1.696925750568048556e+02 5.932267189025878906e+01
1.211842596219796064e+02 5.938764739036560059e+01
8.546977391976417948e+01 5.945485901832580566e+01
6.310895794192052932e+01 5.952019214630126953e+01
8.679899781575241491e+01 5.958835053443908691e+01
6.119902192997588486e+01 5.965572261810302734e+01
7.517857914616166681e+01 5.972088718414306641e+01
5.634172175302821017e+01 5.978729724884033203e+01
6.047988703167688129e+01 5.985547041893005371e+01
4.398773662407578655e+01 5.992367124557495117e+01
5.613916896134663403e+01 5.999032092094421387e+01
3.775546778082389210e+01 6.005519866943359375e+01
3.335591332813821452e+01 6.012223529815673828e+01
2.921170333535307151e+01 6.019070100784301758e+01
3.141247795331907966e+01 6.025436997413635254e+01
1.486967465638084107e+01 6.032162094116210938e+01
3.250269053622481152e+01 6.039041733741760254e+01
3.068624962047357485e+01 6.045559310913085938e+01
2.620297144584604965e+01 6.052169442176818848e+01
3.370861827372777242e+01 6.058802962303161621e+01
2.074936457883353924e+01 6.065618658065795898e+01
3.744489137496429976e+01 6.072160243988037109e+01
2.113966350377850745e+01 6.078850102424621582e+01
1.498549078033948945e+01 6.085622882843017578e+01
2.156450875798710243e+01 6.092180943489074707e+01
1.477216103799135638e+01 6.098950433731079102e+01
2.104142773051625070e+01 6.105671525001525879e+01
0.000000000000000000e+00 6.112277388572692871e+01
1.490751541646674205e+01 6.118985414505004883e+01
3.352582462832229737e+01 6.125655102729797363e+01
6.294288778144005647e+01 6.132205653190612793e+01
4.896198617008772658e+01 6.138979530334472656e+01
5.583755917432101512e+01 6.145680499076843262e+01
6.734672199952268556e+01 6.152152824401855469e+01
7.435124403586446817e+01 6.159010839462280273e+01
6.977882014890455764e+01 6.165578126907348633e+01
6.936006916859808769e+01 6.172185063362121582e+01
9.687951893845452389e+01 6.178794431686401367e+01
9.450277667876500232e+01 6.185570025444030762e+01
9.677897551958179179e+01 6.192186260223388672e+01
1.208774440368203642e+02 6.199058198928833008e+01
1.229032735194419104e+02 6.205668306350708008e+01
1.402689533503142343e+02 6.212163281440734863e+01
1.178657294822205586e+02 6.219003486633300781e+01
1.370207224071517089e+02 6.225652432441711426e+01
1.532351572155569386e+02 6.232210898399353027e+01
1.511672560640134577e+02 6.238859081268310547e+01
1.373033276778879497e+02 6.245494341850280762e+01
1.621796912924377523e+02 6.252304911613464355e+01
1.526648761223462429e+02 6.259016966819763184e+01
1.568105112055720838e+02 6.265425896644592285e+01
1.659807780348752431e+02 6.272188711166381836e+01
1.562601418622696201e+02 6.279286193847656250e+01
1.761875815273331227e+02 6.286120724678039551e+01
1.497037461854020250e+02 6.292833900451660156e+01
9.995788911826316792e+01 6.304018950462341309e+01
3.916618264811151562e+02 6.308685135841369629e+01
1.347185216511512067e+02 6.313138866424560547e+01
1.212984875936730020e+02 6.318968343734741211e+01
1.227438408502437284e+02 6.325536704063415527e+01
1.496564010054435983e+02 6.332285165786743164e+01
1.361822704788386318e+02 6.338975048065185547e+01
1.036000058905948009e+02 6.346856760978698730e+01
1.791705359458255771e+02 6.352493572235107422e+01
1.076724658940883046e+02 6.358994770050048828e+01
1.094305195950277323e+02 6.365520763397216797e+01
8.955624860691771971e+01 6.372404050827026367e+01
9.453088632097482957e+01 6.378925108909606934e+01
6.779291681270896675e+01 6.385684776306152344e+01
7.508106057268258837e+01 6.392209696769714355e+01
4.956224174485939216e+01 6.399484491348266602e+01
4.603310363130721328e+01 6.405628824234008789e+01
4.758669450479641228e+01 6.412274122238159180e+01
6.259885042333547034e+01 6.418860673904418945e+01
4.298455578671202915e+01 6.425839924812316895e+01
7.749528198807240642e+01 6.432419705390930176e+01
4.346512102760130603e+01 6.438927054405212402e+01
7.439146010017550736e+01 6.445911931991577148e+01
7.435601789804356088e+01 6.452636337280273438e+01
8.018957293721527435e+01 6.459116172790527344e+01
1.252962641638923742e+02 6.465745759010314941e+01
1.210330860318479864e+02 6.472458004951477051e+01
1.245803458424779535e+02 6.479077196121215820e+01
1.588983227526073563e+02 6.485556578636169434e+01
2.042180697117887860e+02 6.492359328269958496e+01
2.053492894885088447e+02 6.498982906341552734e+01
2.073273935325821071e+02 6.505855035781860352e+01
2.569631055555859689e+02 6.512343645095825195e+01
2.228879101848843902e+02 6.519306397438049316e+01
2.564744206087403882e+02 6.525605463981628418e+01
2.279455358980108883e+02 6.532316303253173828e+01
2.183803586644341692e+02 6.539092850685119629e+01
2.118781631796523470e+02 6.545666623115539551e+01
2.414424137938950139e+02 6.552357864379882812e+01
2.022425105777228111e+02 6.559506130218505859e+01
1.953156739758494780e+02 6.566637349128723145e+01
2.273152950083029396e+02 6.572523045539855957e+01
1.425217533111755017e+02 6.578991913795471191e+01
1.646342334133868235e+02 6.585810041427612305e+01
1.515617727550486222e+02 6.592570948600769043e+01
1.414736995595183373e+02 6.599087738990783691e+01
1.375038487949022965e+02 6.605673289299011230e+01
1.197523283887434502e+02 6.612457323074340820e+01
8.416747994127031518e+01 6.619585967063903809e+01
8.391503647818737477e+01 6.625662374496459961e+01
6.025346568789415613e+01 6.632300996780395508e+01
4.467753497002043162e+01 6.639379000663757324e+01
3.499206739035268754e+01 6.645769214630126953e+01
3.051212867415713959e+01 6.652323985099792480e+01
5.434179502275939200e+01 6.658958935737609863e+01
6.435260643817262860e+01 6.665908360481262207e+01
7.640009326183259475e+01 6.672452855110168457e+01
8.000316604159274902e+01 6.679299116134643555e+01
1.050538255384164046e+02 6.685962367057800293e+01
1.360412678903300616e+02 6.692779135704040527e+01
1.540354625372278008e+02 6.699205899238586426e+01
1.779411905865947290e+02 6.705807709693908691e+01
1.591681498019574406e+02 6.712603449821472168e+01
1.884500485061930704e+02 6.719167160987854004e+01
1.953902348422892032e+02 6.725898790359497070e+01
2.439838121559060085e+02 6.732366323471069336e+01
2.315366910678987722e+02 6.739015293121337891e+01
2.270622086923078200e+02 6.746034240722656250e+01
2.574651153597394000e+02 6.752682614326477051e+01
2.515888249004549948e+02 6.759116291999816895e+01
2.654351883002026966e+02 6.765738773345947266e+01
2.380465128401441461e+02 6.772473263740539551e+01
2.464344559069118361e+02 6.779090642929077148e+01
2.398578342018542742e+02 6.785761260986328125e+01
2.708402352603874306e+02 6.792795872688293457e+01
2.974814492291953911e+02 6.799191665649414062e+01
2.755033983943024509e+02 6.805775380134582520e+01
2.719057628207917787e+02 6.812526822090148926e+01
2.468380848283973705e+02 6.820040750503540039e+01
3.704534436140939420e+02 6.825911545753479004e+01
2.107040140350825368e+02 6.833233308792114258e+01
3.506672208208627808e+02 6.839077568054199219e+01
2.123121481842186711e+02 6.845886802673339844e+01
3.661942313475075252e+02 6.852400755882263184e+01
2.201527403516631409e+02 6.859076547622680664e+01
2.585499430102761949e+02 6.865875387191772461e+01
2.754858090916817446e+02 6.872695446014404297e+01
2.764692248014160896e+02 6.879145550727844238e+01
2.675038016083207708e+02 6.885769772529602051e+01
2.588260866570901726e+02 6.892349243164062500e+01
2.306242422439982818e+02 6.899259781837463379e+01
2.743737382727681506e+02 6.905999946594238281e+01
2.308858975676350269e+02 6.912496662139892578e+01
2.332330214458457931e+02 6.919183039665222168e+01
2.598632332885950973e+02 6.925826025009155273e+01
2.357362332137946055e+02 6.932546663284301758e+01
2.467733284733172638e+02 6.939004969596862793e+01
2.173766074037384328e+02 6.945920753479003906e+01
2.427875403948040116e+02 6.952726173400878906e+01
2.228180706136003835e+02 6.959136271476745605e+01
2.327447479600918427e+02 6.965861439704895020e+01
2.634891487410497461e+02 6.972671723365783691e+01
2.595543972239107688e+02 6.979277825355529785e+01
2.709850449951788960e+02 6.985889434814453125e+01
2.349190893875159531e+02 6.992593026161193848e+01
2.290102537238618652e+02 6.999200916290283203e+01
2.602029052249676511e+02 7.005824089050292969e+01
2.390750557830644993e+02 7.012384533882141113e+01
2.140460216919458958e+02 7.019089961051940918e+01
2.183942117958229971e+02 7.025912332534790039e+01
2.431584172817873366e+02 7.032619690895080566e+01
2.184604339882229738e+02 7.039141607284545898e+01
2.553778455930132907e+02 7.045821404457092285e+01
2.375450232090750546e+02 7.052687263488769531e+01
2.376836397505638274e+02 7.059245753288269043e+01
2.555863728826225270e+02 7.065908622741699219e+01
2.460711016976204348e+02 7.072536587715148926e+01
2.336989925274015718e+02 7.079193162918090820e+01
2.673334948541126437e+02 7.085821604728698730e+01
2.535656503154316113e+02 7.092525982856750488e+01
2.409018245956764304e+02 7.099283432960510254e+01
2.598024868875957623e+02 7.106104016304016113e+01
2.559895964431345305e+02 7.112733411788940430e+01
2.775879572323715365e+02 7.119106817245483398e+01
2.332881215470458471e+02 7.125788879394531250e+01
2.495856476809470337e+02 7.132623696327209473e+01
2.304375193350944357e+02 7.139388418197631836e+01
2.780520720197474134e+02 7.146029686927795410e+01
2.309911146333213026e+02 7.152480006217956543e+01
2.306563023880115395e+02 7.159266066551208496e+01
2.813104586375899885e+02 7.165859222412109375e+01
2.241472973165552673e+02 7.172551250457763672e+01
2.391448903296485184e+02 7.179202437400817871e+01
2.398173597728593904e+02 7.186104750633239746e+01
2.278662301560227945e+02 7.192760300636291504e+01
2.343797309397062065e+02 7.199286913871765137e+01
2.735341655706563415e+02 7.205918025970458984e+01
2.522969537606905988e+02 7.212478923797607422e+01
2.290018618001530228e+02 7.219520139694213867e+01
2.688108938575949196e+02 7.226267766952514648e+01
2.424982323775442694e+02 7.232616186141967773e+01
2.485562218139228605e+02 7.239360356330871582e+01
2.609662218469385948e+02 7.245930719375610352e+01
2.523782859518631767e+02 7.252560925483703613e+01
2.233839198839266658e+02 7.259793090820312500e+01
2.318615604505476426e+02 7.267250823974609375e+01
3.435603241483988768e+02 7.272657203674316406e+01
1.619210739617723789e+02 7.279308795928955078e+01
1.944253157094904054e+02 7.285915565490722656e+01
1.528195101364163406e+02 7.292747354507446289e+01
1.523853066886748309e+02 7.299243712425231934e+01
1.404716762640685772e+02 7.306145715713500977e+01
1.123112821476273666e+02 7.312808728218078613e+01
1.030880967079874040e+02 7.319315981864929199e+01
7.687991064198382674e+01 7.325948429107666016e+01
1.404125198228009310e+02 7.332704830169677734e+01
1.960164149651832304e+02 7.339587283134460449e+01
2.367619616613797007e+02 7.346103215217590332e+01
2.267716139292927835e+02 7.352863192558288574e+01
2.414654060132150732e+02 7.359305667877197266e+01
1.846639814806272284e+02 7.366025805473327637e+01
1.531815969633870225e+02 7.372872638702392578e+01
2.014299890601714367e+02 7.379345560073852539e+01
1.624159107437565410e+02 7.385976886749267578e+01
1.566515812848564906e+02 7.392881798744201660e+01
1.930154047910171755e+02 7.399455666542053223e+01
1.952910905169167961e+02 7.405952930450439453e+01
1.747834816774026763e+02 7.412575888633728027e+01
1.788376322838574595e+02 7.419582223892211914e+01
2.091990999786806356e+02 7.426240181922912598e+01
2.098554122398655295e+02 7.432597732543945312e+01
1.986297128513349151e+02 7.439276742935180664e+01
2.147454710864705874e+02 7.446167993545532227e+01
2.052176160310802686e+02 7.452632594108581543e+01
2.001891164618735388e+02 7.459371590614318848e+01
2.154015077528964071e+02 7.466018629074096680e+01
2.023907636442619093e+02 7.472918272018432617e+01
2.432002438282525816e+02 7.479406642913818359e+01
2.166339977261717991e+02 7.485967326164245605e+01
2.030191654045803489e+02 7.492685008049011230e+01
2.095410123175402646e+02 7.499584293365478516e+01
2.457056336454867278e+02 7.506271839141845703e+01
2.313007924704611469e+02 7.512771296501159668e+01
2.695538192009251475e+02 7.519376468658447266e+01
2.179349620217557515e+02 7.526213216781616211e+01
2.301667388526841762e+02 7.532686638832092285e+01
2.394365700337185388e+02 7.539498257637023926e+01
2.735208388660312835e+02 7.546229720115661621e+01
2.536837292943608588e+02 7.553053355216979980e+01
2.919216852740800618e+02 7.559406852722167969e+01
2.355782010123923271e+02 7.565996670722961426e+01
2.360641638880879896e+02 7.572787714004516602e+01
2.483799623210266816e+02 7.579476356506347656e+01
2.349116979020973304e+02 7.586139488220214844e+01
2.247250434065850868e+02 7.592773079872131348e+01
2.665670732190118883e+02 7.599346065521240234e+01
2.075161489475133862e+02 7.606161022186279297e+01
2.005084057937935427e+02 7.613708209991455078e+01
3.155278412925313205e+02 7.619500303268432617e+01
1.898366860538546348e+02 7.625930333137512207e+01
2.220910699338870415e+02 7.632758951187133789e+01
2.478870097088824593e+02 7.639424371719360352e+01
2.360136019548864397e+02 7.645947217941284180e+01
2.802863720473172293e+02 7.652669429779052734e+01
2.672671729409632917e+02 7.659588813781738281e+01
3.458633164604744934e+02 7.666300296783447266e+01
3.081856492478594305e+02 7.672773647308349609e+01
3.122804847284613174e+02 7.679383015632629395e+01
2.536670785121124538e+02 7.686290264129638672e+01
2.389621595907914866e+02 7.692853808403015137e+01
2.821150055781935748e+02 7.699370574951171875e+01
2.215192493499102966e+02 7.706261324882507324e+01
2.294833978377168648e+02 7.713095974922180176e+01
2.622432516981768345e+02 7.719499516487121582e+01
2.278805727695723249e+02 7.726111102104187012e+01
2.294429680935960221e+02 7.732778143882751465e+01
2.428309273668321282e+02 7.739582347869873047e+01
2.382360498465149590e+02 7.746219205856323242e+01
2.202246056029043473e+02 7.752846312522888184e+01
2.697171441386842616e+02 7.759416174888610840e+01
2.346383066677869920e+02 7.766168260574340820e+01
2.236111355204814117e+02 7.772831463813781738e+01
2.735823645569658993e+02 7.779461407661437988e+01
2.176078907310150043e+02 7.786308431625366211e+01
2.827212779415298769e+02 7.792849588394165039e+01
2.386827463470028476e+02 7.799526810646057129e+01
2.579821346081144497e+02 7.805989789962768555e+01
2.438401214506518215e+02 7.812790608406066895e+01
2.784293215080747359e+02 7.819736385345458984e+01
2.638073989373814356e+02 7.826224923133850098e+01
2.603210399964815451e+02 7.832856225967407227e+01
2.931711476949457165e+02 7.839426231384277344e+01
2.465037146589587564e+02 7.846334600448608398e+01
2.894407023156418290e+02 7.852897787094116211e+01
2.615372731093750076e+02 7.859597182273864746e+01
2.737045729769512832e+02 7.866274333000183105e+01
2.722508729458956509e+02 7.872936701774597168e+01
2.785936929329491250e+02 7.879718780517578125e+01
2.862919493088303398e+02 7.886216020584106445e+01
2.777766220215424937e+02 7.892912435531616211e+01
2.984495712725006911e+02 7.899622106552124023e+01
1.832680248222842181e+02 7.906545615196228027e+01
2.198277839735582972e+02 7.912799477577209473e+01
1.559917700254132455e+02 7.919733595848083496e+01
1.475550484893048520e+02 7.926304268836975098e+01
1.627417609565102339e+02 7.932950782775878906e+01
1.242658375274179718e+02 7.939488410949707031e+01
1.361973552879457827e+02 7.946217727661132812e+01
1.168249607496005069e+02 7.953171753883361816e+01
1.573850876564414989e+02 7.959461736679077148e+01
1.081662545866277014e+02 7.966128420829772949e+01
1.031330677738669834e+02 7.972915768623352051e+01
1.146078903475412858e+02 7.979786157608032227e+01
9.059332766987077434e+01 7.986590647697448730e+01
1.203740664854609719e+02 7.992807364463806152e+01
8.801074373210654755e+01 7.999529361724853516e+01
5.500772363021072664e+01 8.006331419944763184e+01
5.407751881596178123e+01 8.012998795509338379e+01
3.051112986294992169e+01 8.019553780555725098e+01
3.281187284332612109e+01 8.026368594169616699e+01
3.041091639416767478e+01 8.032945179939270020e+01
3.284991352910224549e+01 8.039752101898193359e+01
2.681282642618326406e+01 8.046211886405944824e+01
3.620759339599807447e+01 8.052977013587951660e+01
4.313736998361296315e+01 8.059931540489196777e+01
3.471245100486808610e+01 8.066373229026794434e+01
3.744939555558394062e+01 8.072914028167724609e+01
4.506628367996733431e+01 8.079570889472961426e+01
7.629328185221483238e+01 8.086254334449768066e+01
7.369339864641679583e+01 8.093039202690124512e+01
9.595464488265542968e+01 8.099712276458740234e+01
7.527087655322416992e+01 8.106354951858520508e+01
9.508360541952659162e+01 8.113089156150817871e+01
9.183532465077081497e+01 8.119712710380554199e+01
1.539222852949740741e+02 8.126241898536682129e+01
1.664861298478262199e+02 8.132984185218811035e+01
2.422937192820957932e+02 8.139715480804443359e+01
2.141610039907256180e+02 8.146417307853698730e+01
2.385261703238541315e+02 8.152865195274353027e+01
1.949341311942326342e+02 8.159573459625244141e+01
1.788535926038175887e+02 8.166306114196777344e+01
2.017486942386303213e+02 8.172993016242980957e+01
1.541636682681308912e+02 8.179639816284179688e+01
1.566607732954692267e+02 8.186304092407226562e+01
1.829452773779362929e+02 8.193087363243103027e+01
1.700819500992444375e+02 8.199581503868103027e+01
1.650729301677219212e+02 8.206381511688232422e+01
2.149099836097091440e+02 8.212912464141845703e+01
1.742238775413148346e+02 8.219824028015136719e+01
1.836363796624088991e+02 8.226403903961181641e+01
2.011617674426982774e+02 8.232885456085205078e+01
1.838402172828471635e+02 8.239559555053710938e+01
1.616256822369665542e+02 8.246365404129028320e+01
1.950837005839707388e+02 8.253048896789550781e+01
1.641051557025733985e+02 8.259751915931701660e+01
1.788526796818921696e+02 8.266461348533630371e+01
1.789461111677455563e+02 8.273190522193908691e+01
1.398582973930298294e+02 8.279665207862854004e+01
6.279815505880065274e+01 8.286421203613281250e+01
3.377112817924591326e+01 8.293042445182800293e+01
5.472288741343830054e+01 8.299879908561706543e+01
6.429740416099916445e+01 8.306292462348937988e+01
5.691280310708466317e+01 8.312967181205749512e+01
5.628615174710292024e+01 8.319614744186401367e+01
7.238712482290181072e+01 8.326382493972778320e+01
1.003071168619642606e+02 8.333070158958435059e+01
8.734252651751808116e+01 8.339843583106994629e+01
9.054916013075900594e+01 8.346283125877380371e+01
8.750392172263272528e+01 8.353044056892395020e+01
7.575657235641766363e+01 8.359774851799011230e+01
3.728914280674526083e+01 8.366343760490417480e+01
5.571737359994411776e+01 8.373743796348571777e+01
1.096328815491546749e+02 8.379794216156005859e+01
8.327527146243332368e+01 8.386371469497680664e+01
8.195563921038515787e+01 8.393054628372192383e+01
8.249656750124421478e+01 8.399693965911865234e+01
5.128479496233364188e+01 8.406448602676391602e+01
5.172921595571975928e+01 8.413145208358764648e+01
3.752681810287445785e+01 8.419672513008117676e+01
4.440938945926964010e+01 8.426427841186523438e+01
4.478717489651146622e+01 8.433126187324523926e+01
3.713951713882968164e+01 8.439721560478210449e+01
5.638220527108718017e+01 8.446357798576354980e+01
6.619600203484067436e+01 8.453113698959350586e+01
6.590562188882203998e+01 8.460066938400268555e+01
8.033218623723949747e+01 8.466414356231689453e+01
7.783541850253037353e+01 8.472965383529663086e+01
4.667570078952603296e+01 8.479740381240844727e+01
4.165507904912058734e+01 8.486530494689941406e+01
6.289733157040271294e+01 8.493085789680480957e+01
6.482827961097254388e+01 8.499809551239013672e+01
7.425246089939582816e+01 8.506407284736633301e+01
7.453496043361529644e+01 8.513248395919799805e+01
7.056891987185007054e+01 8.519742155075073242e+01
9.517761948854800380e+01 8.526469707489013672e+01
1.411170515402116337e+02 8.533143281936645508e+01
1.236283271172773937e+02 8.539714622497558594e+01
1.332702044813511009e+02 8.546673130989074707e+01
1.584064078780311320e+02 8.553141903877258301e+01
1.224919424912640835e+02 8.559923267364501953e+01
1.268991210463219090e+02 8.566522264480590820e+01
1.124752819588006076e+02 8.573293328285217285e+01
1.112127136209717975e+02 8.579900908470153809e+01
1.115066974475928845e+02 8.586429762840270996e+01
1.135681795916229362e+02 8.593135666847229004e+01
1.084073647758497856e+02 8.599851179122924805e+01
1.249742256151720028e+02 8.606449508666992188e+01
1.429734146242594477e+02 8.613121652603149414e+01
1.326887328584690238e+02 8.620210409164428711e+01
1.748881734876877658e+02 8.626628780364990234e+01
1.406168687738763481e+02 8.633068537712097168e+01
1.233998755310094992e+02 8.640539813041687012e+01
1.661211463703173479e+02 8.646619415283203125e+01
1.434228763450190627e+02 8.653270649909973145e+01
1.414912996538652976e+02 8.659786629676818848e+01
1.416259539481791592e+02 8.666485142707824707e+01
1.727642548590060017e+02 8.673110079765319824e+01
1.448278529655280806e+02 8.679910469055175781e+01
1.798277912860748700e+02 8.686443018913269043e+01
1.464981316685566810e+02 8.693165874481201172e+01
1.653030224142129327e+02 8.699956417083740234e+01
1.715331930334932622e+02 8.706474304199218750e+01
1.706845576064272620e+02 8.713151669502258301e+01
1.471078724353062341e+02 8.719881081581115723e+01
1.441859626297417094e+02 8.726885581016540527e+01
1.586244751075120973e+02 8.733221220970153809e+01
1.415436081222895552e+02 8.739734792709350586e+01
1.325394610154461930e+02 8.746567010879516602e+01
1.546777020118247492e+02 8.753285694122314453e+01
1.379648671658777630e+02 8.759849238395690918e+01
1.552555644124709602e+02 8.766459131240844727e+01
1.315683701038419997e+02 8.773383617401123047e+01
1.419337452476285364e+02 8.779917383193969727e+01
1.533189448795403962e+02 8.786600804328918457e+01
1.408044162049912984e+02 8.793186974525451660e+01
1.372880352480805470e+02 8.799822974205017090e+01
1.339340773446542983e+02 8.806625151634216309e+01
1.493666923871361689e+02 8.813386702537536621e+01
1.473908348704271987e+02 8.819823217391967773e+01
1.506480235598749573e+02 8.826724696159362793e+01
1.408457862615340730e+02 8.833153986930847168e+01
1.349996707996321561e+02 8.840023350715637207e+01
1.558705182746049616e+02 8.846565985679626465e+01
1.350158477769218166e+02 8.853272891044616699e+01
1.203683279828404693e+02 8.860123705863952637e+01
1.575024885837104023e+02 8.866504478454589844e+01
1.231699838889964411e+02 8.873199462890625000e+01
1.244225930401765368e+02 8.879827046394348145e+01
8.665320018499170374e+01 8.886654353141784668e+01
7.013557783632958831e+01 8.893445014953613281e+01
6.746128259862595655e+01 8.900010061264038086e+01
6.213663804664015800e+01 8.906645607948303223e+01
6.197630554572242545e+01 8.913298320770263672e+01
5.252074066858277490e+01 8.919894003868103027e+01
4.251463303838676921e+01 8.926546835899353027e+01
3.235044155723404202e+01 8.933458852767944336e+01
5.708172006989153147e+01 8.940013766288757324e+01
4.997820156889708443e+01 8.946649909019470215e+01
5.463312983419330493e+01 8.953249478340148926e+01
4.793772598661600171e+01 8.959846115112304688e+01
6.095870683432674042e+01 8.966609883308410645e+01
9.710994348958304556e+01 8.973517727851867676e+01
1.051665337989557969e+02 8.980308318138122559e+01
1.298201778359935474e+02 8.986518645286560059e+01
1.176038469717660746e+02 8.993214011192321777e+01
1.297512695239020957e+02 8.999888515472412109e+01
1.888257693168983451e+02 9.006649851799011230e+01
1.817945879818621790e+02 9.013396048545837402e+01
2.222697355637596957e+02 9.020144605636596680e+01
2.598028733370705936e+02 9.026744389533996582e+01
2.199579359552862456e+02 9.033237838745117188e+01
2.456644700278547191e+02 9.039926505088806152e+01
2.728952341231884589e+02 9.046742701530456543e+01
2.638602342077510912e+02 9.053490400314331055e+01
3.020529670014053067e+02 9.060061907768249512e+01
2.733055417813170038e+02 9.066576409339904785e+01
2.515892484884845715e+02 9.073356795310974121e+01
2.563127921151248643e+02 9.080069160461425781e+01
2.610090199417170425e+02 9.086593604087829590e+01
2.192063632409192451e+02 9.093375372886657715e+01
2.018998879169092504e+02 9.100130295753479004e+01
2.230394697743835764e+02 9.106673765182495117e+01
1.919364375544312509e+02 9.113284587860107422e+01
1.892547181692403910e+02 9.119989085197448730e+01
1.860246016204010857e+02 9.127059626579284668e+01
1.594850421562142913e+02 9.133484649658203125e+01
1.735109677335762797e+02 9.139850449562072754e+01
1.479570312501897149e+02 9.146676421165466309e+01
1.359608327411724247e+02 9.153377199172973633e+01
1.358411085391232405e+02 9.160043358802795410e+01
1.203349280237553813e+02 9.166691470146179199e+01
1.186289366877377631e+02 9.173435187339782715e+01
1.080089492658461552e+02 9.180175471305847168e+01
1.083084384440717542e+02 9.186704111099243164e+01
9.196608431307360831e+01 9.193318247795104980e+01
7.610432688755345509e+01 9.200018286705017090e+01
7.674677751348042420e+01 9.206788802146911621e+01
7.682909354827681625e+01 9.213525366783142090e+01
6.568913828386969556e+01 9.219984030723571777e+01
6.325510025788128843e+01 9.226691222190856934e+01
4.699987894981954639e+01 9.233419489860534668e+01
3.374949661308229309e+01 9.240044975280761719e+01
3.638364536104022307e+01 9.246777367591857910e+01
4.440860579366423622e+01 9.253532814979553223e+01
4.910772235711250744e+01 9.259972286224365234e+01
3.695821972291673063e+01 9.266600012779235840e+01
3.657052769018507377e+01 9.273298001289367676e+01
3.545109513677974888e+01 9.280207490921020508e+01
5.532953123745512869e+01 9.286723995208740234e+01
4.669022815003492610e+01 9.294446277618408203e+01
1.044358393387873605e+02 9.300029563903808594e+01
7.463848879887299859e+01 9.306861186027526855e+01
1.124524246384427641e+02 9.313335132598876953e+01
1.141974988953703587e+02 9.320004081726074219e+01
1.718025610471661935e+02 9.326638484001159668e+01
1.645111260536868087e+02 9.333461713790893555e+01
1.938730026809892593e+02 9.340206694602966309e+01
1.933685518145304343e+02 9.346686530113220215e+01
1.964569668156673288e+02 9.353342795372009277e+01
1.985929120039655800e+02 9.360098528861999512e+01
2.448250482994274364e+02 9.366945481300354004e+01
2.347334932806219001e+02 9.373503899574279785e+01
2.578692744337209319e+02 9.380004501342773438e+01
2.405945672556661350e+02 9.386857414245605469e+01
2.568884712262005223e+02 9.393382835388183594e+01
2.394902133494981058e+02 9.399931907653808594e+01
2.292144213192831046e+02 9.406980109214782715e+01
2.150605544246479326e+02 9.413637685775756836e+01
2.510784603292960924e+02 9.420072126388549805e+01
1.977089312940939010e+02 9.426744008064270020e+01
2.125805594503264331e+02 9.433413219451904297e+01
2.085991363472450928e+02 9.440192794799804688e+01
2.540243279719812506e+02 9.446803522109985352e+01
2.413011363281905517e+02 9.453408288955688477e+01
2.210883667519972278e+02 9.460147523880004883e+01
2.729437021642107197e+02 9.466972351074218750e+01
2.435306945021193030e+02 9.473477888107299805e+01
2.603558694413649164e+02 9.480086016654968262e+01
2.347454832880536060e+02 9.486981320381164551e+01
2.387782804957657561e+02 9.493549919128417969e+01
2.880301289966408831e+02 9.500082182884216309e+01
2.425379619093376675e+02 9.506755948066711426e+01
2.265460814518515065e+02 9.513665127754211426e+01
2.824152724989853596e+02 9.520184588432312012e+01
2.254327993228759794e+02 9.527070975303649902e+01
3.007094715430661722e+02 9.533612942695617676e+01
1.603589898809709098e+02 9.539972448348999023e+01
1.376574797187028310e+02 9.546902251243591309e+01
1.449489518513182134e+02 9.553447198867797852e+01
1.045355816335415682e+02 9.560211467742919922e+01
9.246563686086497569e+01 9.566878175735473633e+01
7.851709831812021889e+01 9.574412941932678223e+01
1.394966978893404246e+02 9.580057525634765625e+01
7.543884790401472173e+01 9.586816668510437012e+01
7.690976938740087121e+01 9.593446540832519531e+01
6.557510933415798604e+01 9.600266408920288086e+01
3.471347643494103608e+01 9.607322716712951660e+01
3.247257566901122061e+01 9.613481760025024414e+01
3.683181972572857177e+01 9.620132231712341309e+01
3.321345452655404529e+01 9.626864647865295410e+01
4.091831433893974435e+01 9.633777022361755371e+01
3.546256408992841358e+01 9.640082454681396484e+01
3.666776577993587694e+01 9.646762681007385254e+01
4.201742285253857290e+01 9.653494238853454590e+01
4.966451964914713813e+01 9.660172295570373535e+01
5.450101499181450038e+01 9.666787862777709961e+01
3.355617244842207469e+01 9.673451519012451172e+01
4.099665207079967644e+01 9.680350685119628906e+01
2.156788039326207596e+01 9.686907720565795898e+01
2.636223892816220626e+01 9.693477916717529297e+01
2.597762817763869592e+01 9.700145387649536133e+01
2.968473052832725756e+01 9.706882858276367188e+01
3.332509758058528604e+01 9.713592720031738281e+01
3.355413154508866569e+01 9.720256781578063965e+01
3.588121658540099901e+01 9.727083444595336914e+01
6.381669453241713796e+01 9.733544301986694336e+01
5.174063707927219724e+01 9.740239429473876953e+01
6.635001387962279296e+01 9.746808981895446777e+01
6.093550909951218131e+01 9.753575325012207031e+01
5.625608866958034326e+01 9.760226440429687500e+01
6.519199701313591788e+01 9.767086386680603027e+01
6.539534974274350532e+01 9.773574066162109375e+01
9.226436063800275633e+01 9.780255317687988281e+01
6.148886358948062281e+01 9.786960768699645996e+01
9.165535711609884117e+01 9.793686413764953613e+01
9.066405311949830548e+01 9.800395536422729492e+01
9.936448468642828402e+01 9.806994915008544922e+01
1.350083368204203680e+02 9.813661170005798340e+01
1.509966811762782299e+02 9.820316863059997559e+01
1.445991936792583203e+02 9.826877641677856445e+01
1.310700677339498839e+02 9.833572506904602051e+01
2.082661583414366646e+02 9.840328884124755859e+01
2.322223691204367242e+02 9.847123980522155762e+01
3.172614111595470376e+02 9.853560495376586914e+01
3.009135526333430448e+02 9.860173606872558594e+01
3.008159120927116987e+02 9.866962003707885742e+01
2.910778771081983791e+02 9.873746585845947266e+01
3.137447382278260193e+02 9.880386590957641602e+01
2.821903039115529168e+02 9.886978268623352051e+01
3.067761339737515982e+02 9.893813943862915039e+01
2.944522791549502472e+02 9.900257658958435059e+01
2.655289787244257695e+02 9.907047033309936523e+01
3.230287496470433553e+02 9.913518452644348145e+01
2.562363290795547073e+02 9.920543217658996582e+01
2.341463134686260048e+02 9.928062796592712402e+01
3.927539074414665379e+02 9.933606100082397461e+01
2.338375184933165372e+02 9.940189647674560547e+01
2.561862410678791662e+02 9.947040104866027832e+01
2.629191768013586739e+02 9.953811955451965332e+01
3.022380018370078574e+02 9.960412693023681641e+01
2.687708881064788216e+02 9.967608070373535156e+01
3.610299822279285991e+02 9.973881649971008301e+01
2.956986323906737653e+02 9.980421781539916992e+01
3.061765845364496954e+02 9.987131190299987793e+01
3.139816959070897155e+02 9.993789076805114746e+01
2.933426544698473890e+02 1.000079202651977539e+02
3.260503862151571752e+02 1.000707004070281982e+02
2.916614406893867795e+02 1.001369183063507080e+02
3.194844866156043963e+02 1.002024252414703369e+02
2.804335182483742983e+02 1.002712943553924561e+02
2.917678810674470924e+02 1.003402690887451172e+02
2.809504336295571534e+02 1.004051234722137451e+02
3.161336699904328498e+02 1.004696407318115234e+02
2.744428618812138438e+02 1.005372221469879150e+02
3.288858627717585819e+02 1.006044592857360840e+02
3.053466683304403659e+02 1.006696302890777588e+02
2.580601963689387617e+02 1.007386238574981689e+02
2.759396021860260930e+02 1.008082382678985596e+02
2.714698387320200368e+02 1.008727810382843018e+02
2.098261207867616065e+02 1.009389903545379639e+02
2.046845595813943248e+02 1.010045371055603027e+02
2.052260994050209604e+02 1.010744731426239014e+02
2.119887415267828317e+02 1.011400070190429688e+02
1.895365521906388437e+02 1.012046248912811279e+02
1.463571777514132179e+02 1.012797834873199463e+02
2.369563310124626696e+02 1.013373391628265381e+02
1.566064271898688389e+02 1.014040050506591797e+02
1.704473947602376711e+02 1.014688072204589844e+02
1.570413255455175943e+02 1.015373899936676025e+02
1.583279046314973186e+02 1.016051216125488281e+02
1.282324600236626395e+02 1.016722054481506348e+02
1.213209269047066243e+02 1.017371077537536621e+02
1.196879787267942135e+02 1.018028955459594727e+02
9.947983374379629140e+01 1.018710734844207764e+02
1.174766398673293963e+02 1.019402279853820801e+02
8.259776374595053028e+01 1.020108225345611572e+02
1.191218781652052314e+02 1.020725111961364746e+02
8.040666523751708894e+01 1.021416225433349609e+02
8.010144683971704183e+01 1.022040433883666992e+02
6.841475727424703734e+01 1.022710256576538086e+02
7.667355228377029164e+01 1.023362371921539307e+02
7.364309306068712146e+01 1.024054768085479736e+02
9.700163833148484116e+01 1.024714872837066650e+02
1.373239226758339555e+02 1.025409536361694336e+02
1.487918538560890909e+02 1.026047127246856689e+02
1.225044327913753506e+02 1.026725194454193115e+02
1.577579450368531866e+02 1.027386987209320068e+02
1.246498502532413539e+02 1.028053383827209473e+02
1.735702537799164702e+02 1.028710279464721680e+02
1.691352754364271789e+02 1.029386987686157227e+02
1.703096646794424203e+02 1.030043458938598633e+02
1.539703679034574577e+02 1.030708973407745361e+02
1.460591508933991349e+02 1.031541891098022461e+02
2.506472324241078979e+02 1.032066650390625000e+02
1.240086983344259153e+02 1.032716786861419678e+02
1.388307992004797597e+02 1.033373012542724609e+02
1.363712647204706627e+02 1.034049074649810791e+02
1.337938607183371573e+02 1.034730005264282227e+02
1.465509385507900504e+02 1.035425875186920166e+02
1.631982630911521426e+02 1.036044723987579346e+02
1.351375653172436841e+02 1.036730959415435791e+02
1.711834759828771837e+02 1.037394447326660156e+02
1.555217565460679907e+02 1.038043842315673828e+02
1.547147403668452341e+02 1.038714408874511719e+02
1.639594136581106341e+02 1.039399027824401855e+02
1.381137383985949043e+02 1.040058660507202148e+02
1.591089981125923600e+02 1.040714833736419678e+02
1.732543326127528189e+02 1.041375453472137451e+02
1.516747628560996759e+02 1.042066938877105713e+02
1.617121453348721332e+02 1.042715504169464111e+02
1.508277455018412070e+02 1.043407704830169678e+02
1.684940383653409128e+02 1.044071249961853027e+02
2.040881679444909480e+02 1.044717583656311035e+02
1.786920299502604053e+02 1.045389130115509033e+02
1.968221466615158590e+02 1.046051576137542725e+02
1.822096277040479890e+02 1.046714715957641602e+02
2.105171646459083661e+02 1.047391347885131836e+02
1.796200634754122518e+02 1.048061740398406982e+02
1.966866355760468252e+02 1.048726589679718018e+02
1.714403380377484041e+02 1.049381334781646729e+02
1.751149409145129709e+02 1.050078394412994385e+02
2.022467614336688371e+02 1.050728735923767090e+02
1.661303288562218654e+02 1.051393597126007080e+02
1.786348876102161967e+02 1.052070007324218750e+02
1.963945106027982490e+02 1.052733895778656006e+02
1.851898052700623225e+02 1.053386363983154297e+02
1.823610811386118087e+02 1.054048953056335449e+02
1.808493933948950030e+02 1.054717080593109131e+02
2.084538262901023984e+02 1.055390403270721436e+02
1.487681693382003516e+02 1.056079189777374268e+02
1.492539749569111791e+02 1.056718327999114990e+02
1.217560811239597740e+02 1.057380492687225342e+02
1.277704665039690752e+02 1.058058290481567383e+02
1.217008023429255701e+02 1.058740835189819336e+02
1.501481233952106322e+02 1.059383111000061035e+02
1.051720692332847875e+02 1.060055444240570068e+02
8.955873026591382313e+01 1.060743753910064697e+02
1.029466522759873754e+02 1.061395373344421387e+02
1.104187996913582737e+02 1.062054691314697266e+02
1.083569695849852224e+02 1.062726554870605469e+02
1.262222902262323316e+02 1.063403456211090088e+02
1.044062637631965771e+02 1.064087460041046143e+02
1.333317342618240957e+02 1.064732642173767090e+02
1.155540981505650677e+02 1.065397365093231201e+02
1.222276218434313932e+02 1.066072025299072266e+02
1.479826689496481151e+02 1.066716654300689697e+02
1.226184784536563939e+02 1.067389163970947266e+02
1.351558786129129714e+02 1.068075306415557861e+02
1.593566050634292992e+02 1.068733458518981934e+02
1.359305624480801669e+02 1.069399635791778564e+02
1.541156947002005211e+02 1.070054955482482910e+02
1.519383201331363296e+02 1.070726151466369629e+02
1.645172277566995547e+02 1.071400277614593506e+02
1.468350571186665263e+02 1.072084710597991943e+02
1.893799486537558607e+02 1.072722742557525635e+02
1.681377832523086511e+02 1.073386890888214111e+02
1.542307041735613211e+02 1.074100108146667480e+02
2.080754256471680606e+02 1.074728567600250244e+02
1.579223965606944375e+02 1.075425112247467041e+02
2.018858223718244744e+02 1.076070942878723145e+02
1.669939759655749185e+02 1.076743121147155762e+02
1.897131859693492402e+02 1.077395122051239014e+02
1.737534872946780240e+02 1.078053843975067139e+02
1.759968983795058648e+02 1.078721318244934082e+02
1.800905830438382509e+02 1.079408156871795654e+02
1.652865215912101462e+02 1.080079145431518555e+02
1.926191938927031799e+02 1.080723404884338379e+02
1.664709317924440768e+02 1.081418771743774414e+02
1.848699179213964214e+02 1.082056508064270020e+02
1.833964051232375425e+02 1.082765355110168457e+02
1.915820577288046422e+02 1.083396053314208984e+02
1.778518810719377541e+02 1.084058954715728760e+02
2.042950524392861098e+02 1.084728319644927979e+02
1.738902445866175697e+02 1.085411183834075928e+02
1.961700278377611824e+02 1.086057999134063721e+02
1.854977427549462163e+02 1.086733477115631104e+02
2.001872882782943464e+02 1.087420220375061035e+02
2.280252269645431227e+02 1.088064751625061035e+02
1.824906355983770823e+02 1.088724598884582520e+02
1.731621195753142786e+02 1.089417591094970703e+02
1.816954850168404789e+02 1.090078749656677246e+02
2.090551829224875746e+02 1.090748429298400879e+02
1.836237379817738713e+02 1.091406462192535400e+02
1.738463515221851594e+02 1.092096726894378662e+02
2.044375082239334063e+02 1.092734496593475342e+02
1.800676983649935039e+02 1.093403222560882568e+02
1.685145073248963854e+02 1.094061357975006104e+02
1.893044732484394501e+02 1.094750111103057861e+02
1.663582143694995352e+02 1.095414061546325684e+02
1.684305704116090112e+02 1.096067149639129639e+02
1.850367559671052788e+02 1.096726832389831543e+02
1.597334175816088759e+02 1.097429563999176025e+02
1.790359455019217307e+02 1.098076128959655762e+02
1.750405727352130327e+02 1.098737452030181885e+02
1.527062129515105369e+02 1.099424266815185547e+02
1.812993205053735153e+02 1.100074563026428223e+02
1.638508509240239448e+02 1.100734715461730957e+02
1.674096320188544382e+02 1.101405224800109863e+02
1.549177130700932139e+02 1.102069811820983887e+02
1.999815328938949790e+02 1.102742555141448975e+02
1.541099774913094791e+02 1.103420894145965576e+02
1.692092309613840939e+02 1.104084272384643555e+02
1.415489413777438585e+02 1.104739425182342529e+02
1.218012113336854867e+02 1.105421407222747803e+02
1.274113479834730924e+02 1.106073360443115234e+02
1.019965116562867848e+02 1.106793823242187500e+02
1.215314551748282383e+02 1.107398478984832764e+02
6.761675981889035825e+01 1.108069844245910645e+02
8.813672434475577688e+01 1.108741083145141602e+02
9.790446849983749189e+01 1.109403028488159180e+02
8.629562733580054612e+01 1.110078723430633545e+02
1.039841332804442686e+02 1.110751903057098389e+02
8.982100818227506522e+01 1.111438202857971191e+02
9.411908185908160362e+01 1.112066776752471924e+02
9.832863264043696461e+01 1.112748999595642090e+02
8.641720797720223857e+01 1.113433594703674316e+02
1.230497937598052403e+02 1.114088797569274902e+02
1.020931028501993296e+02 1.114745864868164062e+02
8.665289758161556222e+01 1.115428597927093506e+02
1.250291221525322669e+02 1.116078369617462158e+02
9.401942797676018415e+01 1.116759412288665771e+02
1.178320418960778113e+02 1.117400140762329102e+02
1.094618267898192840e+02 1.118071467876434326e+02
1.174486840875521807e+02 1.118751845359802246e+02
1.121653623615704589e+02 1.119424943923950195e+02
1.311715173763165296e+02 1.120071828365325928e+02
1.518316261599377128e+02 1.120746717453002930e+02
1.572466835785660635e+02 1.121413700580596924e+02
1.660608037547368667e+02 1.122086968421936035e+02
1.876444514578026030e+02 1.122748308181762695e+02
1.621989969114164865e+02 1.123429284095764160e+02
1.864735996463213041e+02 1.124083883762359619e+02
1.500587829658361443e+02 1.124756920337677002e+02
1.356827576998627762e+02 1.125428371429443359e+02
1.685761870507791400e+02 1.126086266040802002e+02
1.363265679002602724e+02 1.126754546165466309e+02
1.514355382850064586e+02 1.127418186664581299e+02
1.686434143768432250e+02 1.128075819015502930e+02
1.674920147137482900e+02 1.128743333816528320e+02
1.786991345682608312e+02 1.129419500827789307e+02
1.839015407573099310e+02 1.130083255767822266e+02
2.080786977117334118e+02 1.130764605998992920e+02
1.861700954332887932e+02 1.131413638591766357e+02
1.949872936066113596e+02 1.132090139389038086e+02
1.529299978487801752e+02 1.132744033336639404e+02
1.654700207297741201e+02 1.133408806324005127e+02
1.531514765436662344e+02 1.134074685573577881e+02
1.533668317654489215e+02 1.134791920185089111e+02
1.722140294953099442e+02 1.135430660247802734e+02
1.533025902479618310e+02 1.136086218357086182e+02
1.380481087287429602e+02 1.136742177009582520e+02
1.506582990531005066e+02 1.137409241199493408e+02
1.300867498944412262e+02 1.138105344772338867e+02
1.569786964091204311e+02 1.138745551109313965e+02
1.345938484936756083e+02 1.139418344497680664e+02
1.194242020191047260e+02 1.140093438625335693e+02
1.227106750212477095e+02 1.140770366191864014e+02
1.132053565554157046e+02 1.141413455009460449e+02
1.004421134458234093e+02 1.142081322669982910e+02
8.872328120724229450e+01 1.142794163227081299e+02
1.176095360511095862e+02 1.143441710472106934e+02
6.233291597778232074e+01 1.144083425998687744e+02
3.341319199935615103e+01 1.144752643108367920e+02
4.427266777850493185e+01 1.145430262088775635e+02
5.025317312407408110e+01 1.146090245246887207e+02
4.706091385531715332e+01 1.146762199401855469e+02
4.757508766089010521e+01 1.147426891326904297e+02
7.630585624101733799e+01 1.148082149028778076e+02
8.845909301054447837e+01 1.148750941753387451e+02
1.001995946855714550e+02 1.149420425891876221e+02
1.341901212922784339e+02 1.150086963176727295e+02
1.255932468326714115e+02 1.150767254829406738e+02
1.076998298526490601e+02 1.151560571193695068e+02
2.226432971021943956e+02 1.152086286544799805e+02
1.524572305336018871e+02 1.152748734951019287e+02
1.795765127816973745e+02 1.153435285091400146e+02
2.254374387607397239e+02 1.154115283489227295e+02
2.164487796577230654e+02 1.154765379428863525e+02
2.142545365519765994e+02 1.155420472621917725e+02
2.211636763612841889e+02 1.156106197834014893e+02
1.890462466865241424e+02 1.156768996715545654e+02
1.732711704658097744e+02 1.157424490451812744e+02
1.815306789770572209e+02 1.158096914291381836e+02
1.671861681113877864e+02 1.158781511783599854e+02
2.058888945203684955e+02 1.159432160854339600e+02
1.702874003613057994e+02 1.160088717937469482e+02
1.838533319159352857e+02 1.160752646923065186e+02
1.730766826466665691e+02 1.161450779438018799e+02
1.831899021964082408e+02 1.162168774604797363e+02
2.394470592989537181e+02 1.162760865688323975e+02
1.626831533224275574e+02 1.163448112010955811e+02
2.025282583805840204e+02 1.164099423885345459e+02
1.821893219275542037e+02 1.164762637615203857e+02
1.837701815709169750e+02 1.165426867008209229e+02
1.844380594020408353e+02 1.166187863349914551e+02
2.235231338933178904e+02 1.166777999401092529e+02
1.570424439843444020e+02 1.167417945861816406e+02
2.083176160263431314e+02 1.168093416690826416e+02
1.777614531665325899e+02 1.168773150444030762e+02
1.818218444520690582e+02 1.169435424804687500e+02
2.134164548577657854e+02 1.170093090534210205e+02
1.715980413287449551e+02 1.170794823169708252e+02
2.000484087438670144e+02 1.171446585655212402e+02
1.844366237440178224e+02 1.172097215652465820e+02
1.802774882763768289e+02 1.172767462730407715e+02
1.722617390130999979e+02 1.173466491699218750e+02
2.060039875448888722e+02 1.174104971885681152e+02
1.754019285217900688e+02 1.174791486263275146e+02
2.023699305780648103e+02 1.175445740222930908e+02
1.842435317373160615e+02 1.176097052097320557e+02
1.807117216419705699e+02 1.176761093139648438e+02
1.732022013162009841e+02 1.177456326484680176e+02
1.988205960320441079e+02 1.178110182285308838e+02
1.811579373743053623e+02 1.178774883747100830e+02
1.943461564508253048e+02 1.179443793296813965e+02
1.531833118567402607e+02 1.180103101730346680e+02
8.350016224631345096e+01 1.180759055614471436e+02
7.638729312534250937e+01 1.181426577568054199e+02
6.722292757770765093e+01 1.182108275890350342e+02
4.204959203700277470e+01 1.182790837287902832e+02
7.789239842058015029e+01 1.183445460796356201e+02
5.066147809679596037e+01 1.184100124835968018e+02
9.544687076303600293e+01 1.184770982265472412e+02
1.310342366609622786e+02 1.185457825660705566e+02
2.083502779625588630e+02 1.186101760864257812e+02
1.583338768663145970e+02 1.186807885169982910e+02
2.100307667212677813e+02 1.187446668148040771e+02
1.652979422097292854e+02 1.188101041316986084e+02
1.684784429718621652e+02 1.188772563934326172e+02
1.587757178440080850e+02 1.189456722736358643e+02
1.961113884532293810e+02 1.190121569633483887e+02
1.751029362682510282e+02 1.190797295570373535e+02
2.063958825297857516e+02 1.191430869102478027e+02
1.442223765739868497e+02 1.192124242782592773e+02
1.079325084896925659e+02 1.192785899639129639e+02
9.524242540857765960e+01 1.193458197116851807e+02
7.791875041798874690e+01 1.194099891185760498e+02
8.386093869514023424e+01 1.194795203208923340e+02
9.545115222577410918e+01 1.195441021919250488e+02
6.797348655407144236e+01 1.196191170215606689e+02
1.182388607880408529e+02 1.196783192157745361e+02
1.376421125530017946e+02 1.197445085048675537e+02
1.389201339505218584e+02 1.198139271736145020e+02
1.559005452241846967e+02 1.198783905506134033e+02
1.525950039718567837e+02 1.199442503452301025e+02
1.385894453772428960e+02 1.200111646652221680e+02
