2.549492161737037168e+04 2.343773841857910156e-02
0.000000000000000000e+00 1.595501899719238281e-01
0.000000000000000000e+00 1.920042037963867188e-01
0.000000000000000000e+00 2.234108448028564453e-01
0.000000000000000000e+00 2.794783115386962891e-01
0.000000000000000000e+00 3.373284339904785156e-01
0.000000000000000000e+00 4.044518470764160156e-01
0.000000000000000000e+00 4.696092605590820312e-01
0.000000000000000000e+00 5.379161834716796875e-01
0.000000000000000000e+00 6.041128635406494141e-01
0.000000000000000000e+00 6.726262569427490234e-01
0.000000000000000000e+00 7.392990589141845703e-01
0.000000000000000000e+00 8.026881217956542969e-01
0.000000000000000000e+00 8.697807788848876953e-01
0.000000000000000000e+00 9.396688938140869141e-01
0.000000000000000000e+00 1.005756855010986328e+00
0.000000000000000000e+00 1.070369243621826172e+00
0.000000000000000000e+00 1.136478900909423828e+00
0.000000000000000000e+00 1.203350543975830078e+00
0.000000000000000000e+00 1.269914388656616211e+00
0.000000000000000000e+00 1.336658477783203125e+00
0.000000000000000000e+00 1.405741691589355469e+00
0.000000000000000000e+00 1.535229444503784180e+00
0.000000000000000000e+00 1.566545724868774414e+00
0.000000000000000000e+00 1.603525400161743164e+00
0.000000000000000000e+00 1.720086574554443359e+00
0.000000000000000000e+00 1.751655101776123047e+00
0.000000000000000000e+00 1.806984186172485352e+00
0.000000000000000000e+00 1.873760938644409180e+00
0.000000000000000000e+00 1.937834262847900391e+00
0.000000000000000000e+00 2.006258010864257812e+00
0.000000000000000000e+00 2.070373535156250000e+00
0.000000000000000000e+00 2.137721776962280273e+00
0.000000000000000000e+00 2.204507112503051758e+00
0.000000000000000000e+00 2.271168470382690430e+00
0.000000000000000000e+00 2.338320016860961914e+00
0.000000000000000000e+00 2.403995990753173828e+00
0.000000000000000000e+00 2.470164775848388672e+00
0.000000000000000000e+00 2.538139104843139648e+00
0.000000000000000000e+00 2.606565237045288086e+00
0.000000000000000000e+00 2.728575706481933594e+00
0.000000000000000000e+00 2.759966373443603516e+00
0.000000000000000000e+00 2.806483507156372070e+00
0.000000000000000000e+00 2.871087551116943359e+00
0.000000000000000000e+00 2.938285350799560547e+00
0.000000000000000000e+00 3.005981922149658203e+00
0.000000000000000000e+00 3.076405525207519531e+00
0.000000000000000000e+00 3.138019323348999023e+00
0.000000000000000000e+00 3.204344034194946289e+00
0.000000000000000000e+00 3.272220134735107422e+00
0.000000000000000000e+00 3.339200258255004883e+00
0.000000000000000000e+00 3.405555486679077148e+00
0.000000000000000000e+00 3.471423625946044922e+00
0.000000000000000000e+00 3.538443326950073242e+00
0.000000000000000000e+00 3.606074810028076172e+00
0.000000000000000000e+00 3.673036575317382812e+00
0.000000000000000000e+00 3.739918947219848633e+00
0.000000000000000000e+00 3.811562299728393555e+00
0.000000000000000000e+00 3.873680114746093750e+00
0.000000000000000000e+00 3.940762042999267578e+00
0.000000000000000000e+00 4.006709337234497070e+00
0.000000000000000000e+00 4.073142051696777344e+00
0.000000000000000000e+00 4.139815568923950195e+00
0.000000000000000000e+00 4.207043409347534180e+00
0.000000000000000000e+00 4.273365736007690430e+00
0.000000000000000000e+00 4.339866638183593750e+00
0.000000000000000000e+00 4.406697034835815430e+00
0.000000000000000000e+00 4.471128702163696289e+00
0.000000000000000000e+00 4.539055347442626953e+00
0.000000000000000000e+00 4.606656789779663086e+00
0.000000000000000000e+00 4.672620773315429688e+00
0.000000000000000000e+00 4.739206075668334961e+00
0.000000000000000000e+00 4.805840015411376953e+00
0.000000000000000000e+00 4.871695756912231445e+00
0.000000000000000000e+00 4.939437389373779297e+00
0.000000000000000000e+00 5.008854627609252930e+00
0.000000000000000000e+00 5.072556734085083008e+00
0.000000000000000000e+00 5.142020940780639648e+00
0.000000000000000000e+00 5.205723524093627930e+00
0.000000000000000000e+00 5.271831989288330078e+00
0.000000000000000000e+00 5.338041782379150391e+00
0.000000000000000000e+00 5.405748367309570312e+00
0.000000000000000000e+00 5.471549034118652344e+00
0.000000000000000000e+00 5.541899919509887695e+00
0.000000000000000000e+00 5.605424165725708008e+00
0.000000000000000000e+00 5.672195196151733398e+00
0.000000000000000000e+00 5.740386009216308594e+00
0.000000000000000000e+00 5.807695627212524414e+00
0.000000000000000000e+00 5.872466325759887695e+00
0.000000000000000000e+00 5.938919305801391602e+00
0.000000000000000000e+00 6.005013227462768555e+00
0.000000000000000000e+00 6.100903511047363281e+00
0.000000000000000000e+00 6.134793043136596680e+00
0.000000000000000000e+00 6.238288402557373047e+00
1.198363739466672655e+02 6.291720628738403320e+00
1.447345725816947777e+02 6.356901884078979492e+00
2.492426124127099456e+02 6.424157857894897461e+00
2.612597041961498121e+02 6.492091178894042969e+00
2.873094851229795950e+02 6.557206630706787109e+00
2.920839521570514421e+02 6.624558210372924805e+00
2.224350584804486459e+02 6.690631151199340820e+00
1.495716891325002109e+02 6.759139776229858398e+00
1.232714231123588320e+02 6.825043439865112305e+00
8.849271580931349490e+01 6.892845630645751953e+00
1.042788051918894325e+02 6.957885980606079102e+00
1.072999621508800203e+02 7.025734186172485352e+00
6.733011854193817669e+01 7.092155218124389648e+00
4.519529330632300201e+01 7.158533811569213867e+00
3.690153737281334401e+01 7.224912881851196289e+00
3.552808358242340603e+01 7.293858051300048828e+00
2.655302247267619720e+01 7.359087944030761719e+00
4.478829082159306552e+01 7.426069736480712891e+00
4.830945402053831117e+01 7.491528511047363281e+00
4.316859645330945483e+01 7.561023473739624023e+00
5.192700330984200718e+01 7.624894380569458008e+00
4.949470618157331359e+01 7.691904067993164062e+00
4.936368277598628396e+01 7.759091615676879883e+00
7.430269261982127205e+01 7.829023838043212891e+00
7.276797861585487226e+01 7.891999006271362305e+00
5.607858661922054466e+01 7.958720684051513672e+00
8.656392686446895368e+01 8.024069547653198242e+00
9.300467255726744042e+01 8.093751430511474609e+00
1.083551311321662212e+02 8.159009695053100586e+00
7.729726055428150744e+01 8.224976062774658203e+00
8.914617243964021043e+01 8.291339874267578125e+00
9.290579436947476211e+01 8.360260486602783203e+00
1.136343032574708616e+02 8.424928188323974609e+00
1.153133837110112268e+02 8.491539239883422852e+00
1.224057863860194999e+02 8.560860157012939453e+00
1.559644161599223935e+02 8.628106832504272461e+00
1.602688624169799994e+02 8.691737651824951172e+00
1.445470820049176552e+02 8.758811712265014648e+00
2.045923536031720005e+02 8.827240467071533203e+00
1.899394952488827926e+02 8.894250869750976562e+00
2.251418460491686631e+02 8.959981203079223633e+00
2.086297979375442821e+02 9.025876522064208984e+00
2.266369927970379194e+02 9.092911481857299805e+00
2.968320623849646154e+02 9.158669948577880859e+00
3.040922291279404135e+02 9.226861238479614258e+00
3.110433734628635989e+02 9.294069051742553711e+00
3.488718867458927662e+02 9.362202167510986328e+00
3.185345771477560106e+02 9.426463603973388672e+00
2.938816424670093852e+02 9.492882251739501953e+00
3.035173892174661319e+02 9.558611392974853516e+00
2.594462767610619380e+02 9.627236366271972656e+00
2.837678468380020149e+02 9.692786693572998047e+00
2.816943937454666980e+02 9.760978937149047852e+00
2.771073551949906459e+02 9.825331449508666992e+00
2.663910047794969955e+02 9.892765283584594727e+00
2.982056960138630188e+02 9.959328174591064453e+00
2.619273806749577602e+02 1.002687287330627441e+01
4.019124409966031521e+02 1.007096219062805176e+01
1.723741959339611185e+02 1.014901113510131836e+01
3.054586600120466642e+02 1.021618318557739258e+01
1.940741317707235680e+02 1.027379179000854492e+01
1.338783315541400896e+02 1.034101700782775879e+01
2.248500561623730221e+02 1.040904927253723145e+01
2.457895400850678129e+02 1.047688508033752441e+01
2.648738915833546343e+02 1.054117751121520996e+01
2.095127589295582879e+02 1.061588644981384277e+01
1.038529986680255490e+02 1.070518207550048828e+01
2.528212499260807888e+01 1.076111936569213867e+01
1.206094204855984060e+02 1.080420184135437012e+01
4.652593793885288420e+01 1.091166877746582031e+01
2.199878064202401902e+02 1.096208310127258301e+01
5.035996316362022185e+01 1.102794146537780762e+01
9.896800127341035136e+01 1.109363269805908203e+01
2.810386619290187014e+02 1.116020107269287109e+01
3.383453494300097759e+02 1.122900915145874023e+01
4.371293418685910979e+02 1.129459738731384277e+01
3.913260269081839624e+02 1.135989809036254883e+01
3.662049165315170853e+02 1.142728638648986816e+01
3.090067426861062927e+02 1.149368715286254883e+01
3.039528917863132165e+02 1.156062841415405273e+01
2.391692515258634728e+02 1.162607359886169434e+01
3.632756867146254081e+02 1.167122173309326172e+01
1.822055977988876805e+02 1.174150633811950684e+01
2.337707488929302144e+02 1.180846285820007324e+01
1.589744106107400228e+02 1.187413573265075684e+01
1.897511365600851718e+02 1.194141936302185059e+01
3.281781684285442680e+02 1.200831747055053711e+01
3.316413798517198757e+02 1.207533597946166992e+01
3.435774390428625793e+02 1.214340806007385254e+01
3.426015604275023065e+02 1.221520209312438965e+01
2.408166296730578040e+02 1.228085947036743164e+01
1.902905410877154679e+01 1.235517811775207520e+01
1.745570601229266003e+02 1.240830469131469727e+01
1.415450663400206963e+02 1.247569942474365234e+01
1.555525859335659504e+02 1.254786133766174316e+01
1.864992495744401992e+02 1.260780978202819824e+01
9.559800378509095253e+01 1.267396759986877441e+01
2.087187791928626979e+01 1.274172449111938477e+01
6.141810917299955008e+01 1.280885624885559082e+01
6.252981547900369463e+01 1.287479448318481445e+01
7.558495266650504618e+01 1.294225525856018066e+01
7.653983752810371755e+01 1.300887441635131836e+01
4.968012794074073923e+01 1.307563400268554688e+01
0.000000000000000000e+00 1.314173269271850586e+01
2.125853547191540116e+01 1.320825719833374023e+01
4.648121393205914842e+01 1.327629065513610840e+01
2.952508464792797227e+01 1.334402966499328613e+01
2.874721106363323386e+01 1.342181348800659180e+01
1.886649123990734012e+01 1.347481751441955566e+01
0.000000000000000000e+00 1.354394817352294922e+01
1.536397602895280556e+01 1.360903549194335938e+01
1.510513767943703733e+01 1.367523813247680664e+01
1.489295884671377301e+01 1.374238395690917969e+01
1.345742960548268741e+01 1.381669235229492188e+01
1.703132334429691142e+01 1.387540769577026367e+01
0.000000000000000000e+00 1.394897985458374023e+01
0.000000000000000000e+00 1.401630592346191406e+01
1.396169964881913295e+01 1.408793044090270996e+01
0.000000000000000000e+00 1.414221262931823730e+01
1.505001596750522985e+01 1.420865774154663086e+01
0.000000000000000000e+00 1.427633476257324219e+01
0.000000000000000000e+00 1.434341859817504883e+01
0.000000000000000000e+00 1.440789365768432617e+01
0.000000000000000000e+00 1.447635650634765625e+01
1.232513186700166052e+01 1.455749154090881348e+01
0.000000000000000000e+00 1.460918688774108887e+01
0.000000000000000000e+00 1.467592906951904297e+01
0.000000000000000000e+00 1.474158859252929688e+01
0.000000000000000000e+00 1.481149959564208984e+01
0.000000000000000000e+00 1.487561726570129395e+01
0.000000000000000000e+00 1.494249463081359863e+01
0.000000000000000000e+00 1.500873470306396484e+01
0.000000000000000000e+00 1.507513165473937988e+01
0.000000000000000000e+00 1.514277291297912598e+01
0.000000000000000000e+00 1.520919251441955566e+01
0.000000000000000000e+00 1.527675890922546387e+01
0.000000000000000000e+00 1.534424543380737305e+01
0.000000000000000000e+00 1.540930843353271484e+01
0.000000000000000000e+00 1.547594642639160156e+01
0.000000000000000000e+00 1.554256653785705566e+01
0.000000000000000000e+00 1.560951757431030273e+01
0.000000000000000000e+00 1.567708134651184082e+01
0.000000000000000000e+00 1.574427986145019531e+01
0.000000000000000000e+00 1.580881500244140625e+01
0.000000000000000000e+00 1.587583422660827637e+01
0.000000000000000000e+00 1.594306635856628418e+01
0.000000000000000000e+00 1.600976634025573730e+01
0.000000000000000000e+00 1.607639312744140625e+01
0.000000000000000000e+00 1.614303708076477051e+01
0.000000000000000000e+00 1.620978021621704102e+01
0.000000000000000000e+00 1.627677321434020996e+01
0.000000000000000000e+00 1.634293150901794434e+01
0.000000000000000000e+00 1.641105389595031738e+01
0.000000000000000000e+00 1.647943425178527832e+01
0.000000000000000000e+00 1.654405045509338379e+01
0.000000000000000000e+00 1.660961461067199707e+01
0.000000000000000000e+00 1.667710304260253906e+01
0.000000000000000000e+00 1.674329972267150879e+01
0.000000000000000000e+00 1.681589770317077637e+01
0.000000000000000000e+00 1.687810826301574707e+01
0.000000000000000000e+00 1.694542360305786133e+01
0.000000000000000000e+00 1.701096200942993164e+01
0.000000000000000000e+00 1.707689857482910156e+01
0.000000000000000000e+00 1.714301776885986328e+01
0.000000000000000000e+00 1.721096062660217285e+01
0.000000000000000000e+00 1.727809906005859375e+01
0.000000000000000000e+00 1.734960293769836426e+01
0.000000000000000000e+00 1.741058254241943359e+01
0.000000000000000000e+00 1.747723126411437988e+01
0.000000000000000000e+00 1.754463076591491699e+01
0.000000000000000000e+00 1.760963106155395508e+01
0.000000000000000000e+00 1.767896032333374023e+01
0.000000000000000000e+00 1.774443626403808594e+01
0.000000000000000000e+00 1.781214785575866699e+01
0.000000000000000000e+00 1.787661838531494141e+01
0.000000000000000000e+00 1.794298458099365234e+01
0.000000000000000000e+00 1.800936818122863770e+01
0.000000000000000000e+00 1.807781887054443359e+01
0.000000000000000000e+00 1.814362001419067383e+01
0.000000000000000000e+00 1.821047997474670410e+01
0.000000000000000000e+00 1.827646923065185547e+01
0.000000000000000000e+00 1.834334540367126465e+01
0.000000000000000000e+00 1.841121101379394531e+01
0.000000000000000000e+00 1.847771430015563965e+01
0.000000000000000000e+00 1.854400682449340820e+01
0.000000000000000000e+00 1.861199998855590820e+01
0.000000000000000000e+00 1.867767953872680664e+01
0.000000000000000000e+00 1.874484419822692871e+01
0.000000000000000000e+00 1.881067061424255371e+01
0.000000000000000000e+00 1.887989139556884766e+01
0.000000000000000000e+00 1.894426631927490234e+01
0.000000000000000000e+00 1.901005983352661133e+01
0.000000000000000000e+00 1.907881593704223633e+01
0.000000000000000000e+00 1.914331459999084473e+01
0.000000000000000000e+00 1.921042919158935547e+01
0.000000000000000000e+00 1.927819442749023438e+01
0.000000000000000000e+00 1.935593914985656738e+01
0.000000000000000000e+00 1.941117620468139648e+01
0.000000000000000000e+00 1.947622299194335938e+01
0.000000000000000000e+00 1.954386520385742188e+01
0.000000000000000000e+00 1.961233663558959961e+01
0.000000000000000000e+00 1.967895650863647461e+01
0.000000000000000000e+00 1.974436330795288086e+01
0.000000000000000000e+00 1.981053781509399414e+01
0.000000000000000000e+00 1.987836241722106934e+01
0.000000000000000000e+00 1.994466972351074219e+01
0.000000000000000000e+00 2.001101708412170410e+01
0.000000000000000000e+00 2.007922673225402832e+01
0.000000000000000000e+00 2.014536452293395996e+01
0.000000000000000000e+00 2.021146893501281738e+01
0.000000000000000000e+00 2.027713751792907715e+01
0.000000000000000000e+00 2.034450960159301758e+01
0.000000000000000000e+00 2.041189622879028320e+01
0.000000000000000000e+00 2.047851657867431641e+01
0.000000000000000000e+00 2.054353094100952148e+01
0.000000000000000000e+00 2.061222505569458008e+01
0.000000000000000000e+00 2.067748761177062988e+01
0.000000000000000000e+00 2.074533915519714355e+01
0.000000000000000000e+00 2.081973671913146973e+01
0.000000000000000000e+00 2.087861895561218262e+01
0.000000000000000000e+00 2.094550871849060059e+01
0.000000000000000000e+00 2.101066660881042480e+01
0.000000000000000000e+00 2.107868337631225586e+01
0.000000000000000000e+00 2.114398431777954102e+01
0.000000000000000000e+00 2.121338677406311035e+01
0.000000000000000000e+00 2.127926445007324219e+01
0.000000000000000000e+00 2.134435915946960449e+01
0.000000000000000000e+00 2.141094183921813965e+01
0.000000000000000000e+00 2.147731184959411621e+01
0.000000000000000000e+00 2.154521632194519043e+01
0.000000000000000000e+00 2.161081814765930176e+01
0.000000000000000000e+00 2.167909145355224609e+01
0.000000000000000000e+00 2.177541399002075195e+01
0.000000000000000000e+00 2.182919502258300781e+01
1.484966950019649445e+01 2.189653658866882324e+01
2.898790875759806340e+01 2.196553087234497070e+01
6.124703296863763313e+01 2.203084015846252441e+01
7.408781790626115082e+01 2.209832763671875000e+01
9.266244946352168199e+01 2.216307878494262695e+01
1.035028219907285063e+02 2.223070979118347168e+01
1.602195733914144000e+02 2.229705715179443359e+01
2.001746360902957633e+02 2.236408066749572754e+01
2.847019466762886850e+02 2.243081712722778320e+01
2.645696208772420164e+02 2.249821925163269043e+01
2.650703108047981686e+02 2.256549406051635742e+01
3.168157594012377558e+02 2.262963986396789551e+01
1.778667670694897822e+02 2.269849729537963867e+01
1.015951635775869875e+02 2.276525568962097168e+01
6.492958279139988065e+01 2.283238840103149414e+01
3.403609781892876640e+01 2.289808535575866699e+01
3.617279102789018452e+01 2.296580171585083008e+01
5.056921128474560589e+01 2.303138756752014160e+01
3.417089498261817226e+01 2.309682536125183105e+01
2.899993431583023096e+01 2.316579103469848633e+01
6.073839892228438941e+01 2.323367404937744141e+01
6.882525638479242502e+01 2.329865217208862305e+01
4.975119854328104907e+01 2.336531639099121094e+01
7.851404580655987786e+01 2.343149757385253906e+01
5.500032054671517301e+01 2.349705266952514648e+01
5.614680117768348566e+01 2.356369328498840332e+01
5.999749657557524074e+01 2.363241457939147949e+01
6.387116896073037253e+01 2.370065975189208984e+01
7.666606689959557741e+01 2.376455998420715332e+01
7.098742695984776674e+01 2.383063387870788574e+01
6.871545836348424530e+01 2.389889240264892578e+01
7.062656464940029366e+01 2.396530389785766602e+01
8.116710013448233951e+01 2.403165054321289062e+01
8.132696130868890805e+01 2.409786677360534668e+01
7.817633111553030290e+01 2.416675162315368652e+01
9.426688266439934694e+01 2.423313570022583008e+01
7.486577104381993308e+01 2.429857254028320312e+01
1.437638161901040519e+02 2.436456155776977539e+01
1.879188818850732332e+02 2.443635177612304688e+01
2.397899158606204537e+02 2.449834799766540527e+01
1.574859357857235693e+02 2.456494498252868652e+01
2.257679261468131244e+02 2.463079166412353516e+01
1.537376233662381537e+02 2.469993638992309570e+01
1.584511517364662438e+02 2.476552319526672363e+01
1.750229050626720095e+02 2.483265948295593262e+01
1.411131887267374339e+02 2.489951348304748535e+01
1.205408070454583935e+02 2.497865176200866699e+01
2.079473157792605775e+02 2.503431892395019531e+01
1.135480650685721713e+02 2.509903573989868164e+01
1.353044465049991345e+02 2.516757464408874512e+01
1.346968232355509656e+02 2.523602128028869629e+01
1.294089236436504962e+02 2.530021023750305176e+01
1.272291486667278946e+02 2.536502408981323242e+01
1.226780623688569420e+02 2.543224239349365234e+01
9.446455062736207253e+01 2.550002574920654297e+01
7.848944575115196187e+01 2.556622767448425293e+01
6.778144143984729908e+01 2.563383579254150391e+01
5.691073924686225638e+01 2.569958186149597168e+01
5.272234163114191574e+01 2.577055096626281738e+01
7.412911394576688906e+01 2.583236980438232422e+01
4.230209170891465931e+01 2.589923238754272461e+01
3.342474282073779079e+01 2.596613097190856934e+01
4.535339098152113735e+01 2.603585624694824219e+01
5.656060311581091327e+01 2.609960293769836426e+01
5.091048123716550577e+01 2.616474914550781250e+01
6.248547080972370082e+01 2.623264718055725098e+01
1.168200494854271057e+02 2.629950428009033203e+01
2.194577412878932421e+02 2.636575698852539062e+01
2.232859637260936552e+02 2.643248605728149414e+01
2.796793788524063302e+02 2.649860906600952148e+01
1.991997302058879598e+02 2.656762385368347168e+01
2.805631518217250004e+02 2.663401865959167480e+01
2.222960099475125730e+02 2.669905281066894531e+01
1.923918361440887850e+02 2.676702189445495605e+01
2.476079607927845530e+02 2.683338356018066406e+01
2.044411950699025908e+02 2.689991354942321777e+01
2.345885166840674572e+02 2.697300505638122559e+01
2.801930811384316371e+02 2.703197407722473145e+01
2.043044816175128631e+02 2.710047340393066406e+01
2.704089933725400670e+02 2.716886329650878906e+01
2.557311298024725659e+02 2.723429608345031738e+01
2.753743298006136797e+02 2.729864501953125000e+01
2.492968637680090467e+02 2.736600589752197266e+01
2.765494460216352195e+02 2.743258333206176758e+01
1.724557315963766371e+02 2.749945592880249023e+01
1.378536465797687072e+02 2.756554365158081055e+01
1.657832312711546194e+02 2.763325238227844238e+01
1.374352349121300279e+02 2.770228004455566406e+01
1.786411834918440604e+02 2.776610493659973145e+01
1.506066231860092728e+02 2.783283424377441406e+01
1.888131192353884273e+02 2.790045213699340820e+01
2.421659520192045250e+02 2.796754693984985352e+01
2.496188151644128368e+02 2.803325200080871582e+01
2.687041060292065708e+02 2.809992933273315430e+01
2.403694389093234633e+02 2.816916990280151367e+01
2.863118441457066297e+02 2.823404383659362793e+01
2.417115356193714319e+02 2.829853582382202148e+01
2.049243611845916462e+02 2.836685371398925781e+01
2.311237670812733995e+02 2.843635058403015137e+01
2.361873941369536567e+02 2.849971818923950195e+01
1.815052742036419033e+02 2.856764364242553711e+01
2.245083415355667285e+02 2.863340878486633301e+01
2.000199474064284004e+02 2.870340180397033691e+01
2.452324832809847237e+02 2.876839065551757812e+01
2.313458923844299306e+02 2.883493518829345703e+01
2.201097902608904349e+02 2.890014219284057617e+01
2.433304225005749402e+02 2.896754527091979980e+01
2.047239798016323959e+02 2.903469777107238770e+01
2.073286818373727840e+02 2.910012364387512207e+01
2.386776242283267777e+02 2.916781115531921387e+01
2.067278311338988601e+02 2.923501276969909668e+01
2.414187603342329282e+02 2.930063724517822266e+01
2.475787094162130302e+02 2.936589121818542480e+01
1.892570584478020237e+02 2.943498611450195312e+01
2.351765508050986568e+02 2.947834944725036621e+01
8.757377420144077007e+01 2.954780817031860352e+01
1.370297759915546578e+02 2.960842728614807129e+01
7.892442414500388281e+01 2.968230748176574707e+01
6.602877201824482256e+01 2.978045773506164551e+01
1.491794929468785824e+02 2.983450174331665039e+01
3.685851146095255615e+01 2.990095829963684082e+01
7.678082436505640374e+01 2.996736836433410645e+01
1.053088840730540880e+02 3.003518247604370117e+01
1.071416732869432167e+02 3.010117983818054199e+01
1.233998138890818694e+02 3.016800498962402344e+01
1.538003234192973423e+02 3.023402070999145508e+01
1.950296609878096206e+02 3.030281233787536621e+01
3.120875649140147061e+02 3.036863565444946289e+01
3.286195080306391674e+02 3.043404316902160645e+01
3.303663841171168087e+02 3.050015258789062500e+01
3.598412436247221535e+02 3.056788277626037598e+01
2.887459788941969805e+02 3.063467955589294434e+01
2.559561964794085327e+02 3.070075154304504395e+01
2.678914072292037645e+02 3.076689791679382324e+01
2.118677896198548751e+02 3.083513307571411133e+01
2.312678863797387692e+02 3.090070962905883789e+01
2.553317855358101838e+02 3.096921992301940918e+01
2.213840816826596551e+02 3.103483366966247559e+01
2.145893702244826784e+02 3.110252499580383301e+01
2.716931927949910346e+02 3.116898036003112793e+01
2.213011601381780906e+02 3.123554539680480957e+01
2.348218094473981239e+02 3.130179286003112793e+01
2.519191414674040743e+02 3.136892366409301758e+01
2.280892670466828633e+02 3.143424749374389648e+01
1.643347291807503154e+02 3.150034904479980469e+01
1.560391083589709353e+02 3.156877470016479492e+01
1.187369949450616815e+02 3.163508939743041992e+01
1.327421159440123972e+02 3.169989418983459473e+01
1.104910289608970260e+02 3.176762199401855469e+01
9.817526862891439521e+01 3.183595085144042969e+01
9.548657510839237261e+01 3.190300869941711426e+01
8.794557465697157284e+01 3.196931052207946777e+01
8.414601039852924202e+01 3.203653717041015625e+01
1.203522605860412540e+02 3.210143208503723145e+01
9.689909331241244672e+01 3.216751241683959961e+01
8.685642063570696791e+01 3.223562574386596680e+01
9.989188150155266044e+01 3.230278038978576660e+01
1.355148155859820918e+02 3.236919379234313965e+01
1.074199988357366635e+02 3.243696618080139160e+01
1.559551202321591461e+02 3.250044274330139160e+01
1.227359620295929119e+02 3.256762933731079102e+01
1.208515761487842610e+02 3.263586354255676270e+01
1.076475956138887256e+02 3.270349264144897461e+01
1.128289644558862790e+02 3.276862192153930664e+01
9.709035880759013537e+01 3.283457207679748535e+01
7.435408744394899827e+01 3.290314960479736328e+01
1.045021371908419923e+02 3.296905112266540527e+01
9.195846025043232430e+01 3.303519797325134277e+01
9.713882023300870117e+01 3.310210633277893066e+01
6.453327714642594515e+01 3.318262529373168945e+01
1.184198111648909162e+02 3.323468089103698730e+01
6.174903563479035284e+01 3.330145287513732910e+01
5.219742953218013781e+01 3.341798663139343262e+01
2.012374157990315666e+02 3.346406960487365723e+01
1.105993660905931364e+02 3.350927782058715820e+01
1.014480984899180100e+02 3.356842136383056641e+01
8.630116738958194844e+01 3.363890433311462402e+01
1.418634757903281525e+02 3.370234560966491699e+01
1.172299316105444404e+02 3.377111864089965820e+01
1.258634177813454187e+02 3.383467960357666016e+01
7.514119759519738295e+01 3.390253877639770508e+01
6.266391797153840315e+01 3.397566819190979004e+01
7.276433004647998359e+01 3.403557252883911133e+01
4.569141105853901053e+01 3.410123038291931152e+01
5.547850502328031297e+01 3.416867375373840332e+01
5.069430676102977174e+01 3.423700690269470215e+01
4.853697606792944441e+01 3.430215883255004883e+01
4.235374224573882174e+01 3.436893987655639648e+01
6.432352644527782104e+01 3.443670511245727539e+01
7.866423151058489793e+01 3.450152516365051270e+01
6.572791168409132467e+01 3.456784248352050781e+01
7.381975493995958004e+01 3.463691639900207520e+01
7.443439990061935418e+01 3.470408964157104492e+01
8.269543738892298279e+01 3.477024364471435547e+01
6.308938834473009649e+01 3.483559703826904297e+01
7.804451463960451463e+01 3.490217638015747070e+01
9.489896497087879368e+01 3.496882152557373047e+01
7.658012077263792605e+01 3.503667402267456055e+01
9.127194853945681530e+01 3.510421299934387207e+01
9.178840819660786110e+01 3.517048239707946777e+01
9.469942302489209851e+01 3.523726797103881836e+01
1.066197693752646245e+02 3.530358839035034180e+01
9.824927472910817983e+01 3.536796092987060547e+01
1.048734370847899982e+02 3.543538570404052734e+01
1.055255499351802939e+02 3.550306057929992676e+01
1.070652429469915745e+02 3.557070732116699219e+01
1.089902469060430121e+02 3.563558530807495117e+01
9.173372754701489384e+01 3.570278429985046387e+01
1.177795190074835574e+02 3.577123641967773438e+01
1.065301542646195543e+02 3.583761262893676758e+01
1.103102775074888200e+02 3.590235209465026855e+01
1.062917067013161443e+02 3.596953916549682617e+01
9.830595814590576254e+01 3.603777718544006348e+01
1.051161151461509462e+02 3.610229945182800293e+01
9.387767208351087334e+01 3.616966962814331055e+01
1.027793068749516578e+02 3.623565888404846191e+01
9.671006684298787093e+01 3.630502295494079590e+01
1.185801068607429301e+02 3.637142539024353027e+01
1.270994662729196421e+02 3.643678069114685059e+01
1.353820090296447063e+02 3.650201654434204102e+01
1.300556128453694669e+02 3.656992411613464355e+01
1.428192213712450496e+02 3.663744759559631348e+01
1.686768266072459710e+02 3.670184755325317383e+01
1.382243451975161292e+02 3.677086138725280762e+01
1.839868645448038365e+02 3.683675932884216309e+01
1.937440670870817883e+02 3.690324330329895020e+01
1.836858121673750190e+02 3.696924924850463867e+01
1.831357928924986709e+02 3.703766822814941406e+01
1.882021689675065659e+02 3.710694694519042969e+01
1.768305069011582020e+02 3.717042565345764160e+01
1.832263514917277121e+02 3.723726892471313477e+01
1.929363348168603807e+02 3.730303454399108887e+01
1.769996324932062350e+02 3.737153387069702148e+01
1.769964270837115237e+02 3.743838357925415039e+01
1.968080270392673583e+02 3.750482749938964844e+01
1.979270046214506067e+02 3.757070231437683105e+01
1.797975714311976105e+02 3.763556361198425293e+01
2.130591424519660393e+02 3.770325469970703125e+01
1.908076204796472268e+02 3.777037072181701660e+01
1.825052135262105821e+02 3.783725404739379883e+01
1.960308507714998143e+02 3.790663838386535645e+01
1.959905805013783606e+02 3.796912837028503418e+01
1.811790791438345707e+02 3.803672695159912109e+01
1.945531357690420862e+02 3.810394096374511719e+01
1.840337444804492293e+02 3.817049098014831543e+01
1.646334148712109879e+02 3.823744058609008789e+01
1.836639570192041901e+02 3.830412459373474121e+01
1.602470176806285167e+02 3.837162446975708008e+01
1.229290172483826495e+02 3.843720912933349609e+01
1.315982298220534688e+02 3.850345468521118164e+01
1.108630937728165549e+02 3.856973886489868164e+01
1.140271850697154292e+02 3.864044356346130371e+01
9.841097240250765310e+01 3.870550870895385742e+01
8.940634538651673324e+01 3.877167940139770508e+01
1.217323358717258941e+02 3.883636236190795898e+01
1.383621768288688543e+02 3.890338659286499023e+01
1.366012107371239210e+02 3.897127485275268555e+01
1.392677740505693293e+02 3.903786325454711914e+01
1.454651850663679795e+02 3.910626363754272461e+01
1.432789822565470956e+02 3.917098784446716309e+01
1.615618533347448249e+02 3.923678398132324219e+01
1.575440293100036229e+02 3.930425810813903809e+01
1.697795034488231920e+02 3.937167215347290039e+01
1.948355741170722411e+02 3.943859219551086426e+01
1.830910472439924774e+02 3.950458693504333496e+01
2.297748115850933459e+02 3.957030200958251953e+01
2.286878201607052858e+02 3.963874673843383789e+01
2.919369369015593065e+02 3.970472455024719238e+01
2.476460764750746080e+02 3.977058267593383789e+01
2.553646132910591859e+02 3.983863496780395508e+01
2.561192207349170644e+02 3.991188859939575195e+01
3.295774758671089444e+02 3.997173213958740234e+01
2.824079588766992401e+02 4.003788304328918457e+01
2.861828816329738174e+02 4.010464096069335938e+01
2.641192855940285540e+02 4.017300200462341309e+01
3.164471230951571101e+02 4.023951411247253418e+01
2.626805479462958033e+02 4.030610775947570801e+01
2.427854452306245037e+02 4.037097167968750000e+01
2.374238469682492507e+02 4.043662834167480469e+01
2.667901590504105798e+02 4.050346946716308594e+01
2.234536246016281495e+02 4.057014846801757812e+01
2.252434859192748036e+02 4.063776469230651855e+01
1.557848952932369002e+02 4.070690059661865234e+01
1.422482999931671088e+02 4.077209377288818359e+01
1.848450239560337991e+02 4.083813047409057617e+01
1.633310065131496458e+02 4.090350127220153809e+01
1.545853495921874696e+02 4.097257041931152344e+01
1.717620873310500542e+02 4.103946018218994141e+01
1.806379873658121653e+02 4.110425662994384766e+01
2.210046551212267616e+02 4.117106437683105469e+01
2.505321847758014542e+02 4.124088716506958008e+01
2.493923428141265788e+02 4.130726027488708496e+01
2.702287728316673565e+02 4.137199378013610840e+01
2.260116481795036805e+02 4.143747115135192871e+01
2.037348578072623297e+02 4.150774788856506348e+01
2.361939337549350455e+02 4.157223534584045410e+01
2.017520971098981022e+02 4.163873481750488281e+01
1.996132348311233784e+02 4.170386075973510742e+01
1.950898377979630993e+02 4.177263116836547852e+01
2.066497865742711610e+02 4.184003210067749023e+01
1.973211547021506931e+02 4.190591454505920410e+01
1.988966563251119624e+02 4.197146821022033691e+01
2.041795647552598609e+02 4.203879976272583008e+01
2.219161499227529646e+02 4.210639286041259766e+01
2.090590409464296329e+02 4.217074608802795410e+01
1.853881657988852396e+02 4.223918938636779785e+01
2.189435773004051669e+02 4.230724191665649414e+01
2.096947031518184019e+02 4.237210512161254883e+01
2.005231575110506128e+02 4.243863940238952637e+01
3.037267439278447227e+02 4.248354220390319824e+01
7.270541388592461374e+01 4.258176636695861816e+01
5.288151217099691621e+02 4.261462879180908203e+01
3.035635889465869752e+01 4.268828940391540527e+01
5.580196207080127380e+01 4.275290274620056152e+01
1.281684289990783157e+02 4.281956505775451660e+01
1.856951389071965650e+02 4.288768267631530762e+01
1.624947809284322773e+02 4.295396375656127930e+01
1.631226202093898223e+02 4.301998972892761230e+01
1.046234925067459045e+02 4.308957362174987793e+01
2.133668679187819706e+01 4.315585446357727051e+01
6.434836378163511483e+01 4.321992921829223633e+01
6.690480389425974295e+01 4.328677248954772949e+01
5.259843175442632202e+01 4.338371491432189941e+01
1.511261912458582231e+02 4.342034697532653809e+01
1.449120532365498093e+01 4.351793813705444336e+01
1.764714990154664420e+01 4.357460451126098633e+01
2.167554009967156858e+01 4.363984918594360352e+01
3.713226867514729435e+01 4.370581579208374023e+01
4.546293171660530419e+01 4.377180361747741699e+01
4.747155991107685935e+01 4.383841776847839355e+01
1.245448489196031687e+02 4.390853357315063477e+01
2.741452929960120741e+02 4.397317099571228027e+01
2.899697319880677924e+02 4.403860425949096680e+01
3.066703846884000768e+02 4.410495233535766602e+01
2.738326533654646369e+02 4.417585873603820801e+01
3.394090280538875959e+02 4.423918700218200684e+01
2.231065640198465019e+02 4.430551695823669434e+01
2.607563898018821646e+02 4.434991025924682617e+01
9.241027136784116180e+01 4.445257019996643066e+01
3.396496432235559837e+02 4.450597333908081055e+01
1.257825397838648769e+02 4.457201290130615234e+01
1.894878745955474244e+02 4.464162635803222656e+01
1.840853622894147748e+02 4.470793557167053223e+01
2.284127606311907641e+02 4.477198076248168945e+01
2.822989273358688251e+02 4.481734490394592285e+01
1.214840649052456456e+02 4.488815522193908691e+01
2.212330285368995817e+02 4.495412421226501465e+01
1.821422600208717313e+02 4.502357053756713867e+01
1.262893499003231881e+02 4.508886671066284180e+01
1.027952698976778301e+01 4.518614745140075684e+01
1.130920936823089420e+02 4.524207139015197754e+01
8.175222117629803620e+01 4.530563116073608398e+01
8.609431856037475939e+01 4.537334799766540527e+01
1.125121282338604232e+02 4.544161748886108398e+01
1.420706078198406601e+02 4.550689220428466797e+01
2.118475412233801762e+02 4.557178664207458496e+01
2.438965883306048283e+02 4.563990259170532227e+01
2.359617908215687692e+02 4.570691084861755371e+01
2.490485790741915366e+02 4.577276635169982910e+01
2.402506885853709946e+02 4.584103345870971680e+01
2.045288354172684819e+02 4.590644764900207520e+01
1.819129816522741123e+02 4.597532653808593750e+01
2.068070435977497539e+02 4.604180264472961426e+01
1.734440252706871775e+02 4.610728669166564941e+01
1.740947162092060978e+02 4.617377829551696777e+01
1.968219636154387047e+02 4.624137306213378906e+01
1.725319290028935484e+02 4.630720329284667969e+01
1.686739428781705215e+02 4.637375164031982422e+01
2.003906622418117820e+02 4.644014263153076172e+01
1.681264195002962936e+02 4.650690770149230957e+01
1.634437249421170577e+02 4.657558560371398926e+01
1.756384696926256765e+02 4.663949513435363770e+01
1.223097457623029385e+02 4.670691585540771484e+01
7.573993859851638888e+01 4.677423858642578125e+01
6.613472267254280723e+01 4.684014797210693359e+01
4.514097730199787151e+01 4.690660643577575684e+01
6.806732666020744205e+01 4.697393059730529785e+01
7.558256549922693068e+01 4.704517936706542969e+01
1.251621389171776286e+02 4.710758042335510254e+01
1.849820782519707336e+02 4.717378926277160645e+01
2.310796943131680337e+02 4.723941922187805176e+01
2.276387493032769385e+02 4.730887746810913086e+01
2.361976714404896143e+02 4.738625192642211914e+01
3.107455715653371726e+02 4.744105362892150879e+01
1.968083565841668019e+02 4.750710773468017578e+01
2.441632288417673635e+02 4.757514929771423340e+01
2.080498424947155627e+02 4.764070177078247070e+01
2.432715444732889978e+02 4.770569658279418945e+01
2.117944787355891947e+02 4.777524948120117188e+01
2.438449190938594313e+02 4.784137558937072754e+01
2.015553385006183476e+02 4.790625452995300293e+01
1.985262099665190476e+02 4.797250747680664062e+01
1.999070605815283841e+02 4.803991889953613281e+01
2.030336756548437336e+02 4.810852026939392090e+01
2.162688802408952142e+02 4.817440032958984375e+01
1.888195919542795309e+02 4.824180817604064941e+01
1.715614330821021554e+02 4.830697631835937500e+01
2.151713047015235816e+02 4.837416386604309082e+01
2.199125446976290732e+02 4.844237279891967773e+01
2.315839165486935656e+02 4.850656580924987793e+01
2.254153813081098576e+02 4.857310962677001953e+01
2.344134964157452998e+02 4.864255452156066895e+01
2.178561916035987451e+02 4.870891404151916504e+01
2.420492779101790575e+02 4.877436757087707520e+01
2.049241004591785327e+02 4.884056115150451660e+01
2.050166156564841060e+02 4.890849900245666504e+01
2.281981401184397384e+02 4.897596144676208496e+01
1.885890719210644590e+02 4.904261326789855957e+01
2.139088768222099475e+02 4.910822844505310059e+01
2.158691517847047123e+02 4.917519879341125488e+01
1.949743227984560008e+02 4.924226760864257812e+01
2.083962258894479191e+02 4.930771112442016602e+01
2.401736050949026264e+02 4.937367582321166992e+01
1.593268695293221242e+02 4.944713926315307617e+01
2.634001071399100624e+02 4.950764560699462891e+01
2.161789103338364271e+02 4.957355308532714844e+01
2.297896090756727006e+02 4.964042854309082031e+01
2.113497244597660938e+02 4.970833826065063477e+01
2.644379286255894499e+02 4.977317929267883301e+01
2.080057405796225680e+02 4.984167647361755371e+01
2.235503435852010909e+02 4.990832662582397461e+01
2.392485661249934310e+02 4.997375011444091797e+01
2.243323494903317794e+02 5.004076361656188965e+01
2.170651993886362732e+02 5.010940504074096680e+01
2.240276932317138971e+02 5.017913079261779785e+01
2.256272493281144875e+02 5.024329710006713867e+01
2.333353726130624466e+02 5.030700826644897461e+01
2.494794950332911014e+02 5.037332916259765625e+01
2.162973854792300585e+02 5.044323444366455078e+01
2.531040099956139784e+02 5.051063251495361328e+01
2.084180664192004429e+02 5.057536172866821289e+01
2.206730395188722582e+02 5.064288091659545898e+01
2.149534916294880418e+02 5.070867252349853516e+01
2.452292186464959229e+02 5.077555370330810547e+01
2.252158565443404257e+02 5.084156179428100586e+01
2.223809683247392286e+02 5.090856242179870605e+01
2.226400354107553028e+02 5.097548508644104004e+01
2.304334585903345669e+02 5.104313349723815918e+01
2.062130946198916490e+02 5.110855484008789062e+01
2.450292753345824224e+02 5.117511630058288574e+01
2.225937313147680925e+02 5.124250364303588867e+01
2.031101533959144376e+02 5.130892443656921387e+01
2.320780484380381381e+02 5.137678098678588867e+01
1.961239220758968429e+02 5.144227647781372070e+01
1.771178423595396794e+02 5.151049685478210449e+01
2.101137177246982333e+02 5.157470369338989258e+01
1.601349832018913162e+02 5.164108610153198242e+01
1.603507292683997036e+02 5.170767188072204590e+01
1.645270635779559427e+02 5.177697205543518066e+01
1.279535325000991435e+02 5.185512542724609375e+01
1.836210396443135835e+02 5.190903806686401367e+01
8.910094889449740663e+01 5.197448015213012695e+01
7.728107917386083159e+01 5.204416298866271973e+01
9.711177419802839950e+01 5.211009860038757324e+01
6.646127201946822538e+01 5.217738795280456543e+01
7.943318885005801633e+01 5.224280333518981934e+01
6.845106062307398531e+01 5.230975008010864258e+01
1.358554765867809806e+02 5.237657904624938965e+01
1.589640227667243551e+02 5.244225621223449707e+01
1.685882715534933709e+02 5.250988698005676270e+01
1.835576399809692987e+02 5.257879781723022461e+01
1.724627301603214278e+02 5.264388418197631836e+01
2.051284447459642024e+02 5.270910716056823730e+01
1.847957616294496006e+02 5.277626061439514160e+01
1.971475878430561011e+02 5.284259009361267090e+01
1.975642028552939564e+02 5.290935778617858887e+01
2.211900735557480289e+02 5.297747349739074707e+01
2.002019743740765136e+02 5.304317188262939453e+01
1.777376498119264738e+02 5.311092114448547363e+01
2.191299078584200402e+02 5.317641973495483398e+01
1.808749563063525159e+02 5.324367904663085938e+01
2.141761980433919064e+02 5.330987429618835449e+01
1.780119086446727579e+02 5.337844586372375488e+01
2.159669619706043022e+02 5.344458031654357910e+01
1.846924149941750102e+02 5.351000285148620605e+01
1.979264866932379903e+02 5.357645654678344727e+01
1.821074896934987066e+02 5.364280772209167480e+01
1.796079861165235911e+02 5.371054148674011230e+01
2.202291829746880296e+02 5.377594089508056641e+01
2.005112551984863387e+02 5.384172725677490234e+01
1.793933566251208163e+02 5.391045236587524414e+01
2.158860206676299924e+02 5.397661161422729492e+01
1.830841041234661759e+02 5.404328346252441406e+01
2.212383770414663786e+02 5.410971379280090332e+01
1.981455786692788763e+02 5.417909574508666992e+01
2.307013310843020122e+02 5.424411487579345703e+01
2.011186748105057234e+02 5.430951380729675293e+01
2.097956708953648217e+02 5.437658500671386719e+01
1.875863895701357364e+02 5.444485354423522949e+01
2.360075052985647801e+02 5.451171469688415527e+01
2.244415345219937876e+02 5.457689309120178223e+01
2.063603514837873547e+02 5.464490842819213867e+01
2.322711256178528174e+02 5.471005964279174805e+01
1.703355314431008480e+02 5.477725362777709961e+01
1.706813368994350526e+02 5.484431147575378418e+01
1.767684623990943464e+02 5.491243219375610352e+01
1.877916203721292163e+02 5.497743272781372070e+01
1.804780211692552427e+02 5.504506731033325195e+01
1.393676817690563894e+02 5.511004209518432617e+01
1.590269953087632473e+02 5.517805981636047363e+01
1.978888054184834573e+02 5.524297118186950684e+01
2.567002993600981426e+02 5.530999350547790527e+01
2.196591706555780092e+02 5.537828111648559570e+01
2.371768305568203061e+02 5.544387078285217285e+01
2.442192244794060514e+02 5.551052737236022949e+01
1.938393690864579071e+02 5.557639193534851074e+01
1.759283000284919751e+02 5.564940595626831055e+01
2.347045976395607170e+02 5.570981144905090332e+01
1.780691470222218982e+02 5.577743458747863770e+01
2.070165751701754857e+02 5.584260201454162598e+01
2.026896939401262898e+02 5.590988802909851074e+01
2.284371645659252295e+02 5.597840785980224609e+01
1.947028523619254088e+02 5.604438138008117676e+01
2.171026740337597118e+02 5.611362648010253906e+01
2.117096606304897932e+02 5.617804574966430664e+01
2.152631487725473107e+02 5.624423360824584961e+01
2.419800162582120606e+02 5.630957531929016113e+01
2.045114837270634780e+02 5.637626194953918457e+01
2.247422135378526207e+02 5.644300508499145508e+01
2.194159459187142147e+02 5.651272225379943848e+01
2.024683679388964777e+02 5.657990050315856934e+01
2.684353283956581890e+02 5.664506649971008301e+01
2.140233214133949957e+02 5.670997738838195801e+01
2.033736507221708223e+02 5.677846407890319824e+01
2.221292871354513920e+02 5.684508585929870605e+01
2.371779083396917258e+02 5.691121506690979004e+01
2.132844744648673156e+02 5.697899699211120605e+01
2.358936865293067058e+02 5.704548621177673340e+01
2.144352973342232929e+02 5.711044001579284668e+01
2.147147962220387853e+02 5.717728543281555176e+01
2.115850241014192363e+02 5.724413037300109863e+01
2.168726296285300918e+02 5.731236696243286133e+01
2.006880468333660019e+02 5.737752628326416016e+01
2.126408931806663247e+02 5.744385647773742676e+01
2.264821471191277453e+02 5.751023387908935547e+01
2.091991964441673701e+02 5.757834029197692871e+01
2.167137604352950007e+02 5.764376044273376465e+01
2.557924478213765553e+02 5.771022057533264160e+01
2.052691327275840081e+02 5.777911615371704102e+01
2.149682928527683430e+02 5.784490323066711426e+01
2.382811751050766986e+02 5.791122007369995117e+01
2.072516299947052119e+02 5.797631359100341797e+01
1.860167965101153698e+02 5.804473710060119629e+01
2.207648053078636110e+02 5.811207604408264160e+01
1.938618370921539338e+02 5.817813467979431152e+01
1.890154739963797113e+02 5.824547266960144043e+01
2.047846612129607706e+02 5.831135034561157227e+01
1.691438316020580430e+02 5.837823843955993652e+01
1.717265996191832187e+02 5.844463324546813965e+01
1.874817548467513859e+02 5.851273131370544434e+01
1.631548705404306077e+02 5.857817268371582031e+01
1.717685425267235075e+02 5.864455127716064453e+01
1.675564293356463281e+02 5.871233630180358887e+01
1.317110488911908703e+02 5.877852511405944824e+01
1.529333394503397869e+02 5.884456372261047363e+01
1.156724307544638464e+02 5.891263532638549805e+01
1.185209553240405995e+02 5.897907090187072754e+01
1.343781267189141317e+02 5.904394602775573730e+01
8.651241562272980445e+01 5.911233019828796387e+01
7.833907093775832209e+01 5.917865920066833496e+01
7.134771751481625301e+01 5.924873852729797363e+01
6.493428462305558924e+01 5.931223511695861816e+01
7.840924930714726315e+01 5.937850475311279297e+01
4.847927005320448757e+01 5.944691801071166992e+01
8.284374046937684000e+01 5.951303315162658691e+01
1.399798451241855730e+02 5.957889652252197266e+01
2.041812984817369738e+02 5.964442205429077148e+01
1.762481109627632350e+02 5.971399736404418945e+01
2.010654611634263915e+02 5.977903437614440918e+01
2.159158593754782487e+02 5.984420442581176758e+01
1.803416389436827387e+02 5.991120529174804688e+01
1.712184220706753024e+02 5.998177623748779297e+01
2.247548791585050196e+02 6.004485583305358887e+01
1.962989743600578265e+02 6.011205387115478516e+01
1.670593313623512302e+02 6.018512105941772461e+01
2.358213611056078491e+02 6.024568748474121094e+01
1.915207744243460013e+02 6.031376576423645020e+01
1.874261827136282932e+02 6.037801289558410645e+01
1.784600174630054710e+02 6.044572019577026367e+01
2.161711410950325387e+02 6.051278448104858398e+01
1.785555874730267760e+02 6.058045554161071777e+01
2.211654082596411683e+02 6.064455890655517578e+01
1.951192887301413350e+02 6.071157789230346680e+01
1.790874873996664576e+02 6.077904796600341797e+01
2.058330418079016795e+02 6.084706425666809082e+01
1.789886003657547349e+02 6.091434001922607422e+01
1.993926868971304884e+02 6.097973060607910156e+01
2.099458354531495559e+02 6.104658436775207520e+01
1.813697506673667021e+02 6.111320543289184570e+01
2.006636568393058155e+02 6.117875266075134277e+01
2.114136265500583534e+02 6.124581289291381836e+01
1.751305150997609985e+02 6.131551265716552734e+01
2.210716742446974763e+02 6.137964320182800293e+01
1.828202533051657497e+02 6.144573569297790527e+01
1.351008626882309898e+02 6.151317000389099121e+01
1.048871931723593462e+02 6.157990837097167969e+01
1.038598040256110977e+02 6.164730691909790039e+01
7.891385326251413801e+01 6.171192193031311035e+01
7.463838419788237388e+01 6.177891159057617188e+01
7.461395325669680290e+01 6.184592318534851074e+01
2.974346173483860056e+01 6.191316485404968262e+01
3.019059581436360773e+01 6.197941064834594727e+01
7.894033682079111713e+01 6.204523444175720215e+01
7.365780372214699412e+01 6.211446022987365723e+01
9.068177199316801307e+01 6.218062567710876465e+01
9.506125774507160031e+01 6.224547243118286133e+01
1.056452300311989632e+02 6.231240463256835938e+01
1.498453945290378044e+02 6.237980413436889648e+01
1.982829658113873563e+02 6.244690084457397461e+01
1.663934670961080542e+02 6.251328182220458984e+01
1.853687889349609179e+02 6.257891058921813965e+01
1.970262270377980940e+02 6.264662575721740723e+01
1.811995332728457413e+02 6.271308064460754395e+01
1.995044185415993354e+02 6.277976655960083008e+01
2.123300009086174214e+02 6.284719848632812500e+01
1.946600531429936325e+02 6.291496229171752930e+01
2.207874165685681476e+02 6.297981119155883789e+01
1.989603220287814622e+02 6.304705619812011719e+01
1.830917086976983796e+02 6.311305069923400879e+01
1.983155591000453057e+02 6.317956542968750000e+01
2.077479975734086963e+02 6.324763894081115723e+01
1.908270789203053539e+02 6.331596469879150391e+01
2.212308519139087934e+02 6.337988948822021484e+01
1.905623022148052996e+02 6.344851112365722656e+01
1.843870154980960194e+02 6.351471185684204102e+01
2.024576696641543094e+02 6.358042502403259277e+01
2.120301050182199560e+02 6.364811682701110840e+01
2.004628654487408994e+02 6.371615028381347656e+01
2.307506756931184100e+02 6.377984213829040527e+01
1.874025858779092744e+02 6.384705638885498047e+01
1.708292787195440781e+02 6.391354274749755859e+01
1.390428518200833423e+02 6.398215031623840332e+01
1.443686211771964736e+02 6.404749679565429688e+01
1.078542120233730657e+02 6.411563014984130859e+01
1.439934517600364643e+02 6.418003320693969727e+01
9.508932856137866452e+01 6.424737119674682617e+01
6.205614555236423513e+01 6.431381273269653320e+01
2.357436691098338244e+01 6.438728451728820801e+01
9.033109091980098526e+01 6.444690036773681641e+01
6.921880274825892343e+01 6.451767563819885254e+01
9.925117103437088417e+01 6.458078241348266602e+01
6.648464947502780831e+01 6.464634490013122559e+01
7.965347852430643627e+01 6.471395230293273926e+01
6.974718176532269354e+01 6.478120112419128418e+01
9.181647062066551257e+01 6.484933257102966309e+01
7.942407340456290399e+01 6.491353249549865723e+01
7.601263134266282862e+01 6.498061370849609375e+01
8.797085598028229469e+01 6.505068707466125488e+01
8.297100536091687673e+01 6.511331319808959961e+01
6.048707933736960030e+01 6.518147826194763184e+01
9.863305448952631593e+01 6.525024151802062988e+01
7.605762116838089071e+01 6.531598114967346191e+01
1.156231746861457026e+02 6.538184833526611328e+01
6.886479630700681298e+01 6.544839286804199219e+01
9.747799430724840875e+01 6.551408076286315918e+01
9.471610682853825836e+01 6.558250355720520020e+01
1.215989008012470691e+02 6.564880561828613281e+01
1.195787719942329943e+02 6.571465349197387695e+01
1.224394056191916889e+02 6.578050041198730469e+01
1.268900077013242651e+02 6.584783434867858887e+01
1.386622448521973467e+02 6.591432356834411621e+01
1.619318877516776354e+02 6.598140597343444824e+01
2.014438686600980475e+02 6.604892587661743164e+01
1.739285196094074877e+02 6.611597585678100586e+01
2.266085485089770657e+02 6.618061995506286621e+01
1.817930484562303945e+02 6.624685788154602051e+01
1.528640936813954738e+02 6.631670475006103516e+01
1.606115968014932776e+02 6.638300275802612305e+01
1.386516066388713000e+02 6.645180392265319824e+01
1.645749024271251528e+02 6.651495027542114258e+01
1.452731145113530431e+02 6.658168911933898926e+01
1.557045900613974254e+02 6.664749932289123535e+01
1.507920605086389969e+02 6.671512913703918457e+01
1.820548956458705447e+02 6.677988886833190918e+01
1.752954776291240933e+02 6.684762787818908691e+01
1.542199877039776936e+02 6.691865921020507812e+01
1.922703621425297058e+02 6.698627233505249023e+01
2.042210436837228258e+02 6.705067777633666992e+01
1.705775274962538504e+02 6.711408972740173340e+01
1.876650770383110114e+02 6.718269991874694824e+01
1.758234413767413571e+02 6.724927067756652832e+01
1.641402991920780607e+02 6.731488728523254395e+01
2.006319863569646316e+02 6.738268041610717773e+01
1.831982651071125190e+02 6.744863653182983398e+01
1.701568888768511840e+02 6.751564383506774902e+01
1.947622240479317384e+02 6.758079290390014648e+01
1.675479406314790083e+02 6.764910483360290527e+01
1.545011704213395944e+02 6.771542763710021973e+01
1.887392553673821567e+02 6.778265571594238281e+01
1.745096024015955720e+02 6.784697866439819336e+01
1.486663408087209177e+02 6.791720509529113770e+01
1.622323390917803749e+02 6.798612070083618164e+01
1.573394586982834369e+02 6.805093622207641602e+01
1.408707056924539813e+02 6.811638307571411133e+01
1.400086934068535527e+02 6.818261909484863281e+01
1.208570659087619532e+02 6.825085020065307617e+01
1.397143256474599866e+02 6.831683874130249023e+01
1.231537618279539572e+02 6.838230371475219727e+01
9.105363444961916741e+01 6.844910788536071777e+01
1.103828753020259512e+02 6.851506114006042480e+01
9.121173724647326253e+01 6.858264470100402832e+01
8.987295673451251332e+01 6.865032649040222168e+01
6.330532372033756872e+01 6.871545696258544922e+01
8.101231817340494956e+01 6.878306674957275391e+01
4.625352488973318543e+01 6.885477209091186523e+01
4.974210457655862427e+01 6.891508316993713379e+01
3.341831148132450835e+01 6.898199462890625000e+01
2.563642521028376464e+01 6.904955673217773438e+01
2.888470027581029953e+01 6.911879754066467285e+01
4.729568226657089269e+01 6.918565940856933594e+01
7.217719769002533781e+01 6.924915003776550293e+01
5.519014384776649251e+01 6.931794214248657227e+01
8.866726314353807936e+01 6.938273000717163086e+01
7.699116915700481911e+01 6.944895863533020020e+01
7.666687437513988357e+01 6.951546740531921387e+01
1.105977057120088602e+02 6.958312988281250000e+01
1.053955709657281687e+02 6.965220403671264648e+01
1.293815314433879848e+02 6.971640658378601074e+01
1.211422312056075583e+02 6.978497576713562012e+01
1.354586547411696813e+02 6.984848093986511230e+01
1.313945916809582570e+02 6.991655278205871582e+01
1.633981631826226533e+02 6.998246741294860840e+01
1.547203037100833001e+02 7.005025482177734375e+01
1.580833283760798054e+02 7.011867856979370117e+01
1.944469873079729609e+02 7.018393325805664062e+01
1.772754090586449820e+02 7.024849677085876465e+01
1.772082620055582538e+02 7.031668233871459961e+01
2.305832064189100663e+02 7.038288116455078125e+01
1.994598548467780859e+02 7.045033144950866699e+01
2.238453401365927107e+02 7.051629137992858887e+01
2.035501841669760950e+02 7.058238625526428223e+01
1.928024955760371881e+02 7.065197253227233887e+01
1.851910740640829829e+02 7.073422026634216309e+01
2.906436412031075065e+02 7.078673934936523438e+01
1.807734006291332491e+02 7.085005354881286621e+01
1.606484988600450663e+02 7.091709637641906738e+01
2.282583855930257073e+02 7.098336768150329590e+01
1.903785464777571690e+02 7.105001688003540039e+01
1.986805986169067069e+02 7.111564183235168457e+01
2.121964354937299788e+02 7.118757677078247070e+01
2.287950881536577015e+02 7.125429296493530273e+01
2.100116395065342374e+02 7.131619429588317871e+01
2.122841843117748510e+02 7.138197517395019531e+01
2.133473702338438329e+02 7.144924902915954590e+01
2.151966514448139094e+02 7.151801705360412598e+01
2.452339886049096549e+02 7.158376860618591309e+01
2.385500822563165286e+02 7.165018224716186523e+01
2.382515824689047292e+02 7.171667909622192383e+01
2.939558629718527527e+02 7.178281903266906738e+01
2.480316617834377553e+02 7.185098195075988770e+01
2.775393611688770648e+02 7.191643285751342773e+01
2.339880068291611224e+02 7.198547697067260742e+01
2.433015365581935896e+02 7.205059361457824707e+01
2.442031800351085735e+02 7.211534047126770020e+01
2.524088462320898998e+02 7.218315601348876953e+01
2.371184745381339098e+02 7.224983739852905273e+01
2.293501643871790066e+02 7.231766533851623535e+01
2.725607200367662699e+02 7.238278198242187500e+01
2.277442961590276411e+02 7.245108819007873535e+01
2.699375982066765687e+02 7.251620841026306152e+01
2.349220590062298868e+02 7.258245944976806641e+01
2.483872171835374161e+02 7.264897942543029785e+01
2.303090948238517228e+02 7.271554088592529297e+01
2.407206028949184144e+02 7.278664922714233398e+01
2.708944347042393588e+02 7.285048079490661621e+01
2.441636004254260683e+02 7.291652059555053711e+01
2.364046666530547043e+02 7.298472785949707031e+01
2.138933328134302201e+02 7.305034780502319336e+01
1.882605549667750040e+02 7.311980843544006348e+01
2.324264355900363910e+02 7.318505811691284180e+01
1.988858061145598697e+02 7.325061535835266113e+01
2.063229922647063574e+02 7.331915903091430664e+01
1.865136795821287024e+02 7.338460493087768555e+01
1.674653047131022277e+02 7.345056104660034180e+01
1.868738116271223078e+02 7.351588082313537598e+01
1.360806467654952030e+02 7.358559560775756836e+01
1.560914169529312687e+02 7.365155458450317383e+01
1.709105180901259189e+02 7.371697092056274414e+01
1.420506558620879218e+02 7.378375577926635742e+01
1.189854993251897355e+02 7.385151410102844238e+01
1.422454463684943278e+02 7.391783595085144043e+01
1.087064658876616647e+02 7.398480629920959473e+01
1.099858407380767744e+02 7.405037021636962891e+01
1.037355256454646906e+02 7.411921286582946777e+01
9.985818430867161055e+01 7.418411231040954590e+01
8.493034705873280643e+01 7.425071811676025391e+01
8.669279595373292580e+01 7.431698155403137207e+01
4.491582685678492481e+01 7.438738608360290527e+01
3.473250500799650098e+01 7.445176577568054199e+01
3.485901720993755504e+01 7.451690411567687988e+01
1.508905277547936841e+01 7.458317732810974121e+01
2.539082833382627413e+01 7.465139293670654297e+01
3.013517455436367953e+01 7.471776056289672852e+01
7.649329893287077198e+01 7.478442025184631348e+01
9.456167204752456712e+01 7.485213398933410645e+01
1.058398826298770814e+02 7.491960787773132324e+01
1.158397470440178267e+02 7.498478269577026367e+01
9.384194420864031372e+01 7.505047202110290527e+01
1.494225414329467867e+02 7.511806225776672363e+01
1.935053224237826726e+02 7.518720293045043945e+01
2.652508601438271967e+02 7.525173521041870117e+01
2.474586635055445640e+02 7.531739497184753418e+01
2.288475814060834352e+02 7.538466596603393555e+01
2.025359597617184875e+02 7.546067619323730469e+01
2.876677828492547064e+02 7.551779651641845703e+01
1.623604531543220730e+02 7.558610463142395020e+01
1.906363288777964726e+02 7.564991998672485352e+01
1.923703330067555726e+02 7.571849036216735840e+01
2.121466518902193457e+02 7.578515243530273438e+01
1.990139291192039934e+02 7.585085988044738770e+01
2.186078655331286882e+02 7.591718578338623047e+01
1.974149623842573078e+02 7.598682451248168945e+01
2.123881055681917758e+02 7.605257320404052734e+01
2.207150461846576945e+02 7.611760139465332031e+01
1.931223028109886855e+02 7.618391299247741699e+01
2.021958286212297367e+02 7.625297594070434570e+01
2.285574785300143787e+02 7.631860494613647461e+01
3.033048072853082431e+02 7.636357021331787109e+01
1.382501359056808781e+02 7.643257117271423340e+01
1.984054245752570296e+02 7.650112509727478027e+01
2.243034839516561760e+02 7.656603813171386719e+01
1.886515128790870222e+02 7.663260245323181152e+01
5.180378084778475056e+01 7.673655557632446289e+01
7.246488886585292732e+01 7.676415514945983887e+01
2.925959204174456474e+01 7.683250880241394043e+01
6.088179282692968997e+01 7.690596485137939453e+01
9.992579953657950398e+01 7.696683764457702637e+01
8.020132263092038727e+01 7.703398323059082031e+01
1.512605575390385582e+01 7.710009431838989258e+01
0.000000000000000000e+00 7.716697502136230469e+01
2.959456131747639063e+01 7.723455500602722168e+01
3.350462576377616131e+01 7.730129408836364746e+01
2.400400610071909568e+01 7.738461351394653320e+01
5.826793694232244292e+01 7.742298913002014160e+01
1.076193824008621291e+01 7.751590919494628906e+01
0.000000000000000000e+00 7.755801224708557129e+01
0.000000000000000000e+00 7.764233684539794922e+01
0.000000000000000000e+00 7.769826054573059082e+01
2.543314030685150939e+01 7.776636266708374023e+01
2.189193470965496502e+01 7.783096241950988770e+01
1.184073904151445760e+02 7.789957332611083984e+01
2.674145127503636559e+02 7.796953320503234863e+01
2.911113708385942687e+02 7.804068231582641602e+01
3.484673538312101186e+02 7.811390209197998047e+01
3.746244078081826387e+02 7.818376541137695312e+01
3.416826176663557817e+02 7.825208973884582520e+01
2.635714010792540307e+02 7.832048773765563965e+01
2.003526166496351095e+02 7.838726544380187988e+01
1.857388807987788653e+02 7.845231938362121582e+01
1.661211618889398380e+02 7.851908111572265625e+01
1.645121265023919932e+02 7.858622121810913086e+01
1.686358250106854939e+02 7.865251994132995605e+01
2.055985736595737876e+02 7.872078728675842285e+01
1.831994054564574128e+02 7.878741717338562012e+01
2.355594515037758185e+02 7.885332059860229492e+01
2.040540648176425691e+02 7.892015671730041504e+01
2.176711521149163104e+02 7.898593401908874512e+01
1.825301896214520809e+02 7.905392098426818848e+01
1.990662057287885887e+02 7.912018489837646484e+01
1.370373435410691059e+02 7.918902730941772461e+01
1.588185225102984077e+02 7.925261878967285156e+01
1.228484346472876751e+02 7.931974387168884277e+01
1.343465762960722998e+02 7.938755679130554199e+01
1.352186940838287512e+02 7.945452523231506348e+01
5.536915339430687766e+01 7.952899098396301270e+01
2.451537304929707162e+01 7.958667778968811035e+01
2.100387597161445186e+01 7.965400886535644531e+01
3.334583268078404927e+01 7.972106575965881348e+01
2.174985278550504830e+01 7.978608751296997070e+01
3.375131842858836961e+01 7.985233879089355469e+01
1.424439214407732379e+01 7.992254185676574707e+01
4.618209444952158549e+01 7.998750209808349609e+01
2.172865961205376806e+01 8.005258727073669434e+01
2.564773868543931812e+01 8.012011957168579102e+01
4.170692017772019966e+01 8.018793630599975586e+01
3.438260280339648034e+01 8.025297117233276367e+01
5.003302686599462135e+01 8.031925988197326660e+01
7.629926986585992665e+01 8.038608908653259277e+01
9.190711364354524449e+01 8.045328092575073242e+01
7.524845979684029373e+01 8.051972746849060059e+01
9.180921732578580929e+01 8.058598184585571289e+01
1.070925399277049621e+02 8.065300250053405762e+01
1.633973919534216748e+02 8.072142672538757324e+01
1.996379871204872245e+02 8.078673696517944336e+01
2.435867696528904105e+02 8.085267806053161621e+01
2.397021476624743173e+02 8.091955780982971191e+01
2.228831356544658320e+02 8.098685765266418457e+01
2.551374342633413335e+02 8.105371856689453125e+01
1.932575133135496230e+02 8.112138319015502930e+01
1.856642145616361006e+02 8.118690752983093262e+01
2.001089873190873334e+02 8.125376653671264648e+01
1.668602188558413104e+02 8.132103824615478516e+01
1.814835340153645120e+02 8.138807201385498047e+01
2.187659468959431024e+02 8.145287847518920898e+01
1.801931641891655147e+02 8.152152323722839355e+01
2.006764663343144832e+02 8.158819317817687988e+01
2.211756463251267917e+02 8.165308594703674316e+01
1.914395447551157758e+02 8.171915960311889648e+01
1.902772231300654937e+02 8.178828477859497070e+01
2.314392470558855734e+02 8.185438013076782227e+01
1.849676305127159992e+02 8.192015123367309570e+01
1.958564338152789333e+02 8.198672246932983398e+01
2.103313861118807040e+02 8.205345368385314941e+01
1.805227317049179874e+02 8.212015771865844727e+01
1.958561196560320070e+02 8.218653297424316406e+01
2.083033585863518056e+02 8.225391387939453125e+01
1.886189044744741352e+02 8.232303953170776367e+01
2.157950710404223287e+02 8.238824605941772461e+01
1.834397489585497283e+02 8.245366263389587402e+01
1.979651906411505990e+02 8.251971817016601562e+01
1.867391075036816233e+02 8.258933401107788086e+01
1.994748716963111406e+02 8.265469765663146973e+01
1.677404418073673469e+02 8.272027516365051270e+01
1.495491890257283103e+02 8.278747630119323730e+01
1.531366222981622229e+02 8.285310316085815430e+01
1.356775766833501962e+02 8.291984510421752930e+01
1.341901384439788387e+02 8.298855018615722656e+01
1.084032000678611780e+02 8.305442857742309570e+01
3.304575531709228642e+01 8.312209439277648926e+01
8.353836019522033496e+01 8.318655776977539062e+01
1.237061165627695942e+02 8.325425243377685547e+01
1.062434118600475728e+02 8.332277536392211914e+01
1.411815900565926540e+02 8.338846111297607422e+01
1.097638792077617751e+02 8.345478630065917969e+01
1.062423028821255855e+02 8.352330994606018066e+01
1.269805671043337441e+02 8.358680200576782227e+01
1.052818323112590662e+02 8.365396523475646973e+01
1.063475617024476918e+02 8.372045540809631348e+01
9.138107048486152451e+01 8.378702020645141602e+01
1.199981926212080197e+02 8.385472154617309570e+01
9.080442192962829040e+01 8.392170906066894531e+01
1.084256420844813675e+02 8.398692488670349121e+01
9.020086977323329336e+01 8.405436062812805176e+01
8.937551307680969614e+01 8.412241911888122559e+01
1.121107582454054779e+02 8.418796563148498535e+01
9.098576782194369628e+01 8.425481963157653809e+01
9.606641610495576344e+01 8.432065486907958984e+01
1.054968008189912752e+02 8.438966274261474609e+01
1.255767134799553588e+02 8.445581054687500000e+01
1.112986019021141999e+02 8.452122116088867188e+01
1.152482081055582910e+02 8.458786988258361816e+01
1.213634147258878073e+02 8.465581631660461426e+01
1.089578228736497039e+02 8.472263216972351074e+01
1.095998925108983713e+02 8.478779125213623047e+01
1.062606876462824772e+02 8.485433578491210938e+01
9.012784770478009477e+01 8.492273211479187012e+01
1.086298935190216497e+02 8.498974967002868652e+01
9.326171745404145952e+01 8.505497217178344727e+01
9.049939240787030315e+01 8.512218546867370605e+01
9.260207840087672082e+01 8.518875432014465332e+01
9.248680527943677987e+01 8.525540614128112793e+01
9.308442965379816769e+01 8.532335042953491211e+01
9.389715357155127151e+01 8.538900113105773926e+01
7.260407763891620903e+01 8.545923161506652832e+01
1.106009882626787117e+02 8.552316474914550781e+01
7.851925067806853065e+01 8.558810448646545410e+01
9.096857370196693182e+01 8.565497112274169922e+01
7.451109413582987884e+01 8.572207522392272949e+01
9.275056700605456683e+01 8.578853750228881836e+01
8.876232547708987397e+01 8.585706615447998047e+01
1.124183458705883254e+02 8.592100000381469727e+01
1.060737647001260342e+02 8.598832511901855469e+01
1.241247625531183161e+02 8.605475997924804688e+01
1.072876667737072012e+02 8.612132334709167480e+01
1.208298402518378651e+02 8.618804740905761719e+01
1.215955226192196506e+02 8.625586414337158203e+01
1.041279272589433162e+02 8.632577919960021973e+01
1.515188244157335760e+02 8.638839077949523926e+01
1.205709148573410943e+02 8.645525813102722168e+01
1.178239515100906942e+02 8.652420878410339355e+01
1.413748577036787708e+02 8.659093904495239258e+01
1.117335593340584694e+02 8.665609502792358398e+01
1.268537811919289169e+02 8.672390794754028320e+01
1.223797624453846424e+02 8.679029178619384766e+01
1.084225561864332690e+02 8.685680103302001953e+01
1.127509767779425118e+02 8.692136907577514648e+01
1.038994870347622310e+02 8.699077367782592773e+01
1.453837552794895771e+02 8.705702424049377441e+01
1.169464401207340387e+02 8.712214612960815430e+01
1.411867491660384815e+02 8.718933963775634766e+01
1.173633846280272195e+02 8.725803446769714355e+01
1.425601092545331881e+02 8.732270574569702148e+01
1.247290526289454391e+02 8.738881874084472656e+01
1.335376357333689157e+02 8.745704245567321777e+01
1.160924465111129535e+02 8.752595305442810059e+01
1.575136710779486293e+02 8.758975625038146973e+01
1.287346391656423918e+02 8.765566921234130859e+01
1.251238747712792048e+02 8.772157359123229980e+01
1.514312171314388138e+02 8.779051780700683594e+01
1.131707486344382971e+02 8.785545039176940918e+01
5.607998936541604706e+01 8.792217040061950684e+01
3.676539077855912296e+01 8.798879528045654297e+01
2.110821854488159843e+01 8.805579352378845215e+01
2.575037618615128210e+01 8.812305665016174316e+01
3.722092066339807559e+01 8.818886613845825195e+01
4.534625836050145864e+01 8.825860238075256348e+01
3.446802227967393861e+01 8.832347607612609863e+01
4.924101924797196261e+01 8.839083099365234375e+01
5.510654210533805042e+01 8.845726084709167480e+01
5.688412886379795452e+01 8.852303767204284668e+01
6.655648976985213494e+01 8.859189009666442871e+01
6.874857142448213665e+01 8.865694069862365723e+01
6.914672650881770721e+01 8.872321391105651855e+01
9.561711924280572816e+01 8.879018020629882812e+01
7.585491424517020675e+01 8.885740089416503906e+01
1.267521652492792015e+02 8.892245864868164062e+01
9.225889450563160210e+01 8.899101090431213379e+01
9.372630098373643648e+01 8.905591011047363281e+01
1.048430370528298425e+02 8.912435173988342285e+01
1.090131377145482503e+02 8.918986153602600098e+01
1.076699907229558590e+02 8.925747656822204590e+01
1.081366877508655051e+02 8.932351732254028320e+01
1.220262918648787291e+02 8.939063835144042969e+01
1.062315867274541574e+02 8.945981240272521973e+01
1.250718018826763540e+02 8.952476739883422852e+01
1.140231580599508163e+02 8.958921456336975098e+01
1.247830428599124275e+02 8.965815281867980957e+01
1.333972969019726520e+02 8.972263932228088379e+01
1.215712814513416049e+02 8.979096651077270508e+01
1.328192137633616596e+02 8.985703349113464355e+01
1.143111688362906335e+02 8.992591571807861328e+01
1.766755115852672589e+02 8.998919749259948730e+01
1.233556743862217928e+02 9.005555319786071777e+01
1.388614431085460978e+02 9.012349128723144531e+01
1.642006817915892611e+02 9.019158077239990234e+01
1.336602774709770927e+02 9.025933003425598145e+01
1.756938559324121343e+02 9.032296538352966309e+01
1.480407451065549935e+02 9.039085125923156738e+01
1.516643825883756449e+02 9.045711517333984375e+01
1.449231324180110505e+02 9.052401518821716309e+01
1.967054070044300715e+02 9.059010386466979980e+01
1.555584958083751133e+02 9.065855240821838379e+01
1.872926691737668818e+02 9.072481060028076172e+01
1.877351549436197899e+02 9.078983068466186523e+01
1.701799604928658027e+02 9.085657072067260742e+01
1.634328735387933023e+02 9.092443060874938965e+01
2.143733893258256558e+02 9.099105668067932129e+01
1.790947841694132308e+02 9.106015205383300781e+01
2.228796824350788199e+02 9.112376236915588379e+01
1.978309503272025438e+02 9.118986272811889648e+01
1.883931173393188772e+02 9.125927448272705078e+01
2.183273933168901237e+02 9.132421112060546875e+01
2.104922811740648569e+02 9.139106035232543945e+01
1.935842394952308325e+02 9.145861077308654785e+01
2.458415292791049751e+02 9.152432584762573242e+01
2.111393084794505626e+02 9.159080171585083008e+01
2.138445532143774130e+02 9.165693449974060059e+01
2.247790351992819069e+02 9.172440409660339355e+01
2.208718888456465095e+02 9.179698562622070312e+01
2.770644120938986816e+02 9.185887169837951660e+01
2.358992820750548560e+02 9.192316079139709473e+01
2.293376175372143848e+02 9.198928928375244141e+01
2.204669553943558071e+02 9.205867409706115723e+01
2.611840252130142517e+02 9.212476801872253418e+01
2.129776884677649775e+02 9.219116997718811035e+01
2.142257834837657526e+02 9.225816798210144043e+01
2.395551713332665145e+02 9.232560753822326660e+01
1.949576897798865502e+02 9.239268207550048828e+01
2.060801715977502795e+02 9.245650649070739746e+01
1.761825515867272429e+02 9.252508902549743652e+01
2.048947519841560450e+02 9.259411048889160156e+01
2.026732656499874849e+02 9.265863156318664551e+01
1.679449906631187730e+02 9.272412919998168945e+01
1.530466107174690933e+02 9.279011893272399902e+01
1.486127864290745038e+02 9.285774350166320801e+01
1.371131548168002610e+02 9.292418813705444336e+01
1.345049966128671031e+02 9.299192118644714355e+01
1.212160735119304320e+02 9.305894231796264648e+01
1.064511172522344822e+02 9.312602877616882324e+01
1.099456807705698935e+02 9.319224429130554199e+01
9.566821004592200950e+01 9.325917482376098633e+01
8.162716436306666878e+01 9.332627534866333008e+01
8.629909296871612412e+01 9.339482855796813965e+01
5.749473744669688813e+01 9.345990681648254395e+01
4.913391828453316634e+01 9.352426719665527344e+01
4.467538664735204890e+01 9.359141826629638672e+01
2.085360671601142712e+01 9.365923452377319336e+01
1.431639883674890434e+01 9.372908449172973633e+01
3.601656238762247142e+01 9.379116892814636230e+01
3.329575710841834280e+01 9.385832667350769043e+01
4.408714480922181878e+01 9.392637372016906738e+01
5.764594935379364671e+01 9.399128127098083496e+01
6.720564131404755415e+01 9.405782532691955566e+01
9.130055741451469942e+01 9.413211107254028320e+01
1.102958337066454249e+02 9.419293117523193359e+01
8.848716795189358209e+01 9.425978922843933105e+01
1.384466898213519528e+02 9.432479619979858398e+01
1.172672160755411852e+02 9.439407420158386230e+01
1.752958533131089212e+02 9.445785403251647949e+01
1.387613912785246839e+02 9.452622199058532715e+01
1.691964610041129333e+02 9.459256482124328613e+01
1.626673937461180515e+02 9.465877556800842285e+01
2.170677250599186152e+02 9.472537612915039062e+01
2.116284200617763531e+02 9.479270076751708984e+01
2.219427285346134227e+02 9.485689663887023926e+01
2.313415933378020668e+02 9.492524313926696777e+01
2.698998136417425258e+02 9.499552869796752930e+01
2.774017465924321186e+02 9.506051659584045410e+01
2.713340479466863258e+02 9.512498641014099121e+01
2.475286190714585928e+02 9.519234561920166016e+01
2.688926895277219273e+02 9.525949311256408691e+01
3.154814693768773282e+02 9.532483935356140137e+01
2.418396834508434097e+02 9.539378309249877930e+01
3.082174525058095469e+02 9.545907664299011230e+01
2.620799613486224189e+02 9.552668976783752441e+01
2.295329203324627088e+02 9.559276199340820312e+01
2.304714596566806506e+02 9.565884876251220703e+01
2.549081692114642692e+02 9.572553944587707520e+01
2.308756773121501737e+02 9.579484081268310547e+01
2.313428903022557961e+02 9.586845183372497559e+01
3.222283192050837783e+02 9.592474222183227539e+01
2.151131414422184776e+02 9.599113917350769043e+01
2.267446564760826959e+02 9.605988812446594238e+01
2.810667335508960036e+02 9.612635469436645508e+01
2.483589379017457190e+02 9.619239306449890137e+01
2.473720752803590130e+02 9.625869488716125488e+01
2.750194448303236072e+02 9.632662296295166016e+01
2.503441736637461190e+02 9.639262294769287109e+01
2.425639585181857854e+02 9.645935344696044922e+01
2.981211786500466019e+02 9.652652406692504883e+01
2.286044088759289536e+02 9.659582710266113281e+01
3.117563906085323424e+02 9.665917277336120605e+01
2.428183777251829838e+02 9.672519421577453613e+01
2.416413054477941387e+02 9.679205155372619629e+01
2.385413637234239559e+02 9.686131715774536133e+01
2.871591312203436814e+02 9.692646670341491699e+01
2.698358735803331001e+02 9.699224090576171875e+01
2.479123298885148188e+02 9.705876612663269043e+01
2.867072199262501044e+02 9.712593674659729004e+01
2.513842287412759049e+02 9.719273829460144043e+01
2.373266392729773031e+02 9.725949430465698242e+01
2.882709882578528209e+02 9.732658076286315918e+01
2.484499222016956992e+02 9.739582872390747070e+01
2.141738147846914728e+02 9.745864510536193848e+01
1.480620651620160402e+02 9.752652120590209961e+01
1.356726410368234497e+02 9.759367132186889648e+01
1.700985352559324042e+02 9.766044330596923828e+01
1.305916213099347942e+02 9.772631525993347168e+01
1.239870041599551627e+02 9.779475212097167969e+01
1.460659908825814171e+02 9.785933923721313477e+01
1.107567256294612577e+02 9.792568707466125488e+01
7.438239070447113477e+01 9.799290728569030762e+01
7.676373783027024444e+01 9.805933213233947754e+01
7.574473310675368509e+01 9.812534332275390625e+01
5.788740101785560199e+01 9.819495201110839844e+01
7.694103532090583997e+01 9.826122379302978516e+01
4.568112658875807597e+01 9.832689642906188965e+01
4.832529526333098602e+01 9.839233374595642090e+01
3.227207426423026249e+01 9.846162176132202148e+01
2.090829544626935288e+01 9.852926063537597656e+01
3.806898214778066603e+01 9.859360408782958984e+01
3.761819276523911526e+01 9.865871858596801758e+01
0.000000000000000000e+00 9.872992849349975586e+01
3.873115872652115144e+01 9.879317188262939453e+01
3.694652387346742728e+01 9.885947012901306152e+01
2.492169079010978194e+01 9.892896986007690430e+01
3.642621487239522082e+01 9.899621510505676270e+01
3.484943208767502654e+01 9.906037878990173340e+01
3.377745274775277551e+01 9.912657880783081055e+01
2.601576982993142906e+01 9.919315576553344727e+01
4.789490896682291066e+01 9.926240372657775879e+01
3.627983341672211992e+01 9.932992029190063477e+01
3.828147100773705347e+01 9.939390659332275391e+01
3.645115778422322705e+01 9.946110582351684570e+01
6.815542392604616850e+01 9.952834296226501465e+01
1.313102257369045844e+02 9.959385442733764648e+01
1.606155121775831560e+02 9.966003823280334473e+01
1.332523985958602566e+02 9.972963261604309082e+01
1.505170512210131051e+02 9.979506611824035645e+01
1.423534616346614143e+02 9.986021113395690918e+01
1.521544013771059838e+02 9.992658782005310059e+01
1.554210955774808269e+02 9.999406957626342773e+01
1.686207814561210512e+02 1.000606389045715332e+02
1.487054878027944085e+02 1.001285550594329834e+02
1.693883198879135534e+02 1.001950254440307617e+02
1.569359373182653030e+02 1.002612454891204834e+02
9.577055562253829635e+01 1.003281044960021973e+02
9.848550602638705698e+01 1.003939085006713867e+02
1.043826589019959243e+02 1.004609694480895996e+02
9.189805654297256865e+01 1.005280482769012451e+02
8.938874494915690150e+01 1.005970101356506348e+02
9.448297841282517595e+01 1.006613895893096924e+02
1.240518520637329516e+02 1.007268786430358887e+02
1.815654356727897607e+02 1.007958893775939941e+02
2.162393439615462967e+02 1.008614530563354492e+02
2.075514289571262623e+02 1.009297611713409424e+02
2.518627870149879016e+02 1.009934117794036865e+02
1.816036730222721189e+02 1.010604012012481689e+02
1.784248332431994299e+02 1.011281218528747559e+02
1.513298179164543455e+02 1.011948602199554443e+02
1.855870160160553723e+02 1.012612917423248291e+02
1.505061258344837825e+02 1.013309772014617920e+02
1.744080285386089599e+02 1.013973493576049805e+02
1.775051958509803285e+02 1.014605867862701416e+02
1.522397068837577194e+02 1.015279231071472168e+02
1.493224642947498353e+02 1.015955586433410645e+02
1.816511651538339720e+02 1.016618483066558838e+02
1.640124118324197013e+02 1.017291929721832275e+02
1.677582023842690830e+02 1.017950339317321777e+02
1.691167408846067417e+02 1.018606131076812744e+02
9.822474818576588973e+01 1.019281444549560547e+02
9.558581053981595232e+01 1.019951326847076416e+02
8.695717575401336319e+01 1.020611946582794189e+02
8.192086159640511767e+01 1.021280546188354492e+02
8.593311394515075108e+01 1.021949038505554199e+02
9.449479651374689126e+01 1.022626655101776123e+02
1.049769855083251571e+02 1.023265671730041504e+02
1.695709751287715790e+02 1.023948326110839844e+02
2.134440322348341965e+02 1.024615845680236816e+02
1.817174624926951765e+02 1.025316269397735596e+02
2.336737844120305567e+02 1.025952458381652832e+02
1.857305626397595972e+02 1.026618440151214600e+02
2.055313467120758162e+02 1.027297861576080322e+02
2.636213344299772530e+02 1.027944953441619873e+02
2.545827600380013394e+02 1.028615019321441650e+02
2.421031498688632837e+02 1.029286141395568848e+02
2.380233141501624061e+02 1.029949090480804443e+02
2.561961383894155801e+02 1.030608036518096924e+02
2.251402295404248264e+02 1.031281650066375732e+02
2.393593923678243698e+02 1.031946172714233398e+02
3.029524943845436269e+02 1.032626659870147705e+02
2.817944488965203504e+02 1.033293397426605225e+02
3.228675626303942749e+02 1.033956236839294434e+02
2.611159285273967043e+02 1.034612896442413330e+02
2.479481492420264885e+02 1.035299708843231201e+02
2.921188870852355990e+02 1.035963504314422607e+02
2.416628384929220772e+02 1.036619086265563965e+02
2.424339025438503370e+02 1.037309303283691406e+02
2.822191765840662470e+02 1.037961702346801758e+02
2.585584132220258766e+02 1.038608875274658203e+02
2.410100309453857790e+02 1.039275336265563965e+02
2.534825107917110643e+02 1.039955213069915771e+02
2.821019079195770587e+02 1.040615539550781250e+02
2.617790914023027540e+02 1.041295673847198486e+02
2.621591472323219705e+02 1.041949720382690430e+02
2.352222729103411609e+02 1.042615153789520264e+02
2.177845710384135884e+02 1.043297758102416992e+02
2.465468053295763582e+02 1.043964231014251709e+02
2.157706772692743868e+02 1.044629414081573486e+02
2.042464982319874309e+02 1.045295348167419434e+02
2.288979265847609099e+02 1.045991613864898682e+02
1.801513946603344607e+02 1.046614699363708496e+02
1.172601970622773706e+02 1.047286198139190674e+02
1.657359114817556076e+02 1.047971494197845459e+02
2.476428631460279632e+02 1.048620104789733887e+02
2.033725164413974085e+02 1.049306738376617432e+02
2.212681938688832588e+02 1.049953818321228027e+02
1.857056414643019480e+02 1.050613327026367188e+02
1.695697906761499212e+02 1.051295986175537109e+02
1.800335857772226689e+02 1.051976273059844971e+02
1.528104078500585388e+02 1.052624101638793945e+02
1.530237718430301470e+02 1.053300080299377441e+02
1.743139002534054214e+02 1.053973999023437500e+02
1.499929240366951149e+02 1.054633996486663818e+02
1.570702245055517778e+02 1.055289475917816162e+02
1.734663965435799469e+02 1.055966687202453613e+02
1.548646445459859819e+02 1.056643929481506348e+02
1.507482362894104426e+02 1.057300620079040527e+02
1.839342425597506292e+02 1.057966480255126953e+02
1.548377245774792357e+02 1.058631410598754883e+02
1.667505069375914104e+02 1.059301893711090088e+02
2.340231206408983553e+02 1.059959726333618164e+02
1.815517504358493852e+02 1.060634324550628662e+02
1.913679695803918150e+02 1.061307587623596191e+02
2.145514433329950066e+02 1.061970024108886719e+02
1.957922176543194723e+02 1.062628073692321777e+02
1.929540154651784292e+02 1.063311703205108643e+02
2.330288949998972328e+02 1.063970947265625000e+02
2.122790464196637288e+02 1.064632136821746826e+02
1.922886004444218884e+02 1.065302176475524902e+02
2.180452187460496702e+02 1.065985505580902100e+02
1.861721471129398822e+02 1.066634531021118164e+02
2.027814022745197917e+02 1.067297985553741455e+02
2.217103549179649065e+02 1.067965462207794189e+02
1.849402768988997536e+02 1.068642976284027100e+02
2.054520444759896804e+02 1.069295995235443115e+02
1.990812649901654652e+02 1.069971780776977539e+02
2.009736913238220097e+02 1.070641202926635742e+02
1.918672408490132000e+02 1.071302523612976074e+02
2.227289066995977862e+02 1.071971483230590820e+02
2.061275929028657572e+02 1.072629554271697998e+02
2.017753424138241485e+02 1.073310892581939697e+02
2.088484788129263450e+02 1.073981235027313232e+02
1.964484551115226623e+02 1.074637086391448975e+02
1.804898305680876831e+02 1.075304248332977295e+02
3.079137668921790123e+02 1.075747170448303223e+02
1.033643126552359348e+02 1.076471145153045654e+02
1.958678960710370234e+02 1.077120966911315918e+02
1.819490265252632923e+02 1.077705204486846924e+02
1.241888968640954829e+02 1.078443205356597900e+02
6.696595107048626971e+01 1.079111027717590332e+02
1.504019392339882266e+01 1.079775912761688232e+02
4.612944725281580105e+01 1.080461435317993164e+02
6.596723238412467083e+01 1.081104578971862793e+02
6.697838525064382509e+01 1.081782186031341553e+02
4.724278579090828600e+01 1.082451553344726562e+02
1.504386219759330068e+01 1.083116276264190674e+02
0.000000000000000000e+00 1.084067888259887695e+02
3.349748627333533335e+01 1.084664947986602783e+02
3.791374534050156342e+01 1.085311017036437988e+02
3.741230249884183934e+01 1.085965745449066162e+02
6.337741843890173499e+01 1.086653513908386230e+02
2.296461259066135483e+02 1.087309589385986328e+02
2.761244031469870492e+02 1.087982263565063477e+02
3.141861607844819559e+02 1.088637647628784180e+02
3.117852612136444463e+02 1.089321043491363525e+02
3.259338144932377190e+02 1.089997420310974121e+02
2.860601371202108680e+02 1.090628597736358643e+02
2.125577631779060539e+02 1.091295590400695801e+02
2.170582762526082377e+02 1.091980478763580322e+02
2.003930749907655695e+02 1.092659218311309814e+02
2.320149281252074331e+02 1.093305728435516357e+02
1.940709303005096160e+02 1.093969614505767822e+02
1.963804522869168068e+02 1.094664092063903809e+02
2.490815077551406205e+02 1.095302677154541016e+02
1.908888022904552031e+02 1.096003561019897461e+02
2.338914504750587184e+02 1.096643457412719727e+02
2.239295333529508127e+02 1.097326576709747314e+02
2.591406598570994788e+02 1.097987115383148193e+02
2.168258457295696360e+02 1.098661792278289795e+02
2.499997581552997019e+02 1.099305531978607178e+02
1.935408196536878620e+02 1.099985127449035645e+02
2.118980046138220814e+02 1.100662467479705811e+02
2.315867527141483606e+02 1.101298553943634033e+02
1.984544280544452590e+02 1.101983923912048340e+02
2.021560417595040917e+02 1.102658560276031494e+02
2.603003133810659619e+02 1.103317277431488037e+02
2.109156304782908080e+02 1.104007611274719238e+02
2.355968190945254719e+02 1.104708924293518066e+02
2.186270712010340844e+02 1.105332734584808350e+02
2.427025978138129005e+02 1.105985507965087891e+02
2.220171714712203084e+02 1.106661131381988525e+02
2.448251332454811688e+02 1.107331047058105469e+02
2.054025230724707853e+02 1.107993233203887939e+02
2.122553091041762343e+02 1.108664491176605225e+02
2.421514386729504338e+02 1.109343061447143555e+02
2.128107562776029340e+02 1.109983921051025391e+02
1.915626449825377620e+02 1.110666553974151611e+02
2.313152280414604149e+02 1.111332087516784668e+02
2.183130557604091280e+02 1.111975002288818359e+02
2.015326953564825772e+02 1.112666125297546387e+02
3.573162274840101986e+02 1.113096060752868652e+02
1.121810288825683415e+02 1.113807935714721680e+02
1.116788977908196046e+02 1.114768171310424805e+02
2.133561853111429230e+02 1.115336439609527588e+02
2.522155822334783863e+02 1.115991542339324951e+02
3.104141018909467675e+02 1.116687715053558350e+02
3.868383338293460270e+02 1.117316687107086182e+02
2.999092933310354283e+02 1.118020067214965820e+02
2.054935396355935495e+02 1.118661980628967285e+02
4.428980936558443204e+01 1.119339337348937988e+02
1.856577030501955790e+02 1.119974367618560791e+02
2.381572743178280973e+02 1.120669410228729248e+02
4.309513406176985200e+02 1.121099789142608643e+02
1.337454501742583943e+02 1.121854918003082275e+02
2.438588047819698090e+02 1.122523727416992188e+02
6.703787080498922535e+01 1.123138768672943115e+02
0.000000000000000000e+00 1.124107940196990967e+02
1.863470079970195457e+02 1.124434361457824707e+02
2.900685353084780616e+01 1.125125687122344971e+02
6.110819620546594422e+01 1.125800409317016602e+02
4.333475077483361559e+01 1.126540110111236572e+02
1.697026978912104056e+01 1.127129375934600830e+02
1.475646560064735091e+01 1.127807044982910156e+02
2.949228291976346128e+01 1.128485188484191895e+02
1.550173337768414861e+01 1.129139800071716309e+02
3.059983439058288113e+01 1.129793398380279541e+02
1.490756840137335892e+01 1.130464198589324951e+02
1.491833214180280365e+01 1.131134514808654785e+02
0.000000000000000000e+00 1.131797904968261719e+02
1.473640126202472089e+01 1.132476496696472168e+02
0.000000000000000000e+00 1.133134832382202148e+02
1.474723026022017258e+01 1.133812925815582275e+02
0.000000000000000000e+00 1.134474809169769287e+02
1.521704301387357106e+01 1.135131967067718506e+02
0.000000000000000000e+00 1.135814774036407471e+02
0.000000000000000000e+00 1.136481785774230957e+02
1.523450870999142737e+01 1.137138190269470215e+02
1.506580124210216276e+01 1.137801945209503174e+02
0.000000000000000000e+00 1.138469820022583008e+02
1.051243530458538622e+01 1.139421074390411377e+02
0.000000000000000000e+00 1.139729371070861816e+02
0.000000000000000000e+00 1.140611937046051025e+02
0.000000000000000000e+00 1.141132071018218994e+02
0.000000000000000000e+00 1.141863014698028564e+02
1.905680956340730958e+01 1.142605118751525879e+02
0.000000000000000000e+00 1.143206806182861328e+02
0.000000000000000000e+00 1.143861942291259766e+02
1.426697098851309775e+01 1.144562861919403076e+02
0.000000000000000000e+00 1.145301632881164551e+02
0.000000000000000000e+00 1.145871343612670898e+02
0.000000000000000000e+00 1.146537749767303467e+02
1.466191255226030243e+01 1.147219789028167725e+02
1.506385332303769253e+01 1.147883629798889160e+02
0.000000000000000000e+00 1.148544309139251709e+02
0.000000000000000000e+00 1.149202971458435059e+02
0.000000000000000000e+00 1.149881207942962646e+02
1.489216566954854493e+01 1.150552701950073242e+02
0.000000000000000000e+00 1.151201529502868652e+02
0.000000000000000000e+00 1.151896197795867920e+02
1.510328834603252268e+01 1.152558305263519287e+02
1.527011657455747518e+01 1.153213179111480713e+02
0.000000000000000000e+00 1.153865525722503662e+02
0.000000000000000000e+00 1.154539766311645508e+02
0.000000000000000000e+00 1.155215897560119629e+02
1.499266863742462164e+01 1.155882890224456787e+02
0.000000000000000000e+00 1.156558449268341064e+02
1.517146784344932442e+01 1.157217581272125244e+02
1.692630287572942649e+01 1.157808377742767334e+02
0.000000000000000000e+00 1.158504514694213867e+02
0.000000000000000000e+00 1.159236426353454590e+02
0.000000000000000000e+00 1.159892659187316895e+02
1.537839700813962018e+01 1.160542922019958496e+02
0.000000000000000000e+00 1.161062839031219482e+02
0.000000000000000000e+00 1.161808991432189941e+02
1.359443297432024700e+01 1.162544586658477783e+02
1.907256051256633356e+01 1.163068900108337402e+02
0.000000000000000000e+00 1.163746547698974609e+02
0.000000000000000000e+00 1.164477236270904541e+02
0.000000000000000000e+00 1.165138604640960693e+02
1.483874208852362742e+01 1.165812516212463379e+02
0.000000000000000000e+00 1.166483361721038818e+02
1.514014265500014389e+01 1.167143857479095459e+02
0.000000000000000000e+00 1.167827818393707275e+02
1.362388587168360132e+01 1.168561823368072510e+02
0.000000000000000000e+00 1.169428052902221680e+02
0.000000000000000000e+00 1.170002608299255371e+02
2.113853347558060491e+01 1.170671629905700684e+02
2.998255076255526674e+01 1.171338684558868408e+02
2.975285075352110198e+01 1.172010889053344727e+02
3.304936522059087167e+01 1.172687473297119141e+02
3.054779575100325673e+01 1.173342185020446777e+02
2.149075429248945568e+01 1.174000241756439209e+02
4.233711574544607714e+01 1.174668314456939697e+02
1.077196435116446338e+02 1.175350499153137207e+02
1.268590955243148812e+02 1.176042208671569824e+02
1.829721656826540084e+02 1.176674864292144775e+02
1.590046680805125163e+02 1.177334473133087158e+02
1.467890732703234846e+02 1.178008875846862793e+02
1.213071515681358647e+02 1.178693635463714600e+02
2.638310997541136516e+01 1.179350135326385498e+02
2.587188477935794140e+01 1.180019607543945312e+02
6.383852428007693192e+01 1.180684196949005127e+02
5.030387369796127217e+01 1.181343514919281006e+02
5.622223053986404295e+01 1.182009027004241943e+02
8.168259847445318655e+01 1.182679576873779297e+02
1.002785450279748147e+02 1.183412382602691650e+02
1.755585456978788272e+02 1.184019813537597656e+02
1.656467815465235276e+02 1.184672808647155762e+02
1.593364029467647356e+02 1.185331044197082520e+02
1.474855883673561721e+02 1.186042170524597168e+02
1.788441306176655132e+02 1.186699018478393555e+02
1.463662239681266612e+02 1.187350766658782959e+02
1.575679701408525091e+02 1.188025405406951904e+02
1.598505482316406869e+02 1.188681523799896240e+02
1.383636533903378734e+02 1.189351758956909180e+02
1.584554064064584793e+02 1.190013654232025146e+02
1.573422137238811160e+02 1.190689260959625244e+02
1.499159259805557554e+02 1.191362938880920410e+02
1.239957153055564731e+02 1.192027978897094727e+02
1.703079286078527730e+02 1.192687077522277832e+02
1.213763049045753490e+02 1.193351314067840576e+02
1.472510524212862890e+02 1.194033813476562500e+02
1.577904444235095411e+02 1.194680116176605225e+02
1.617329745529948184e+02 1.195363054275512695e+02
1.835167344270167860e+02 1.196025965213775635e+02
1.826054402905672873e+02 1.196685397624969482e+02
1.676095031723091608e+02 1.197354419231414795e+02
1.834064751294832547e+02 1.198010971546173096e+02
1.495937706888750540e+02 1.198682782649993896e+02
7.361088393349174908e+01 1.199362030029296875e+02
5.993596719050868415e+01 1.200029408931732178e+02
