9.490135178121321587e+03 6.296467781066894531e-02
0.000000000000000000e+00 1.072151899337768555e+00
3.812959020313317978e+03 1.103431701660156250e+00
1.123793603050012422e+02 1.135515451431274414e+00
4.485648084875315789e+01 1.167042970657348633e+00
4.381087214544228914e+01 1.199322938919067383e+00
6.120569694139621930e+01 1.231999635696411133e+00
5.598905328115243663e+01 1.262935161590576172e+00
9.663181661098951736e+01 1.293980836868286133e+00
1.030752497031455164e+02 1.326157569885253906e+00
6.009418945347479735e+01 1.359438657760620117e+00
1.191379770530192275e+02 1.395049810409545898e+00
1.063248833907929480e+02 1.423265218734741211e+00
9.613012385689346218e+01 1.456161022186279297e+00
1.172981255672533933e+02 1.486899375915527344e+00
2.001717965652133557e+02 1.518887519836425781e+00
1.597654182001155618e+02 1.550803184509277344e+00
2.059070132586043940e+02 1.582277297973632812e+00
2.003419588462096783e+02 1.614625692367553711e+00
2.300210846728639638e+02 1.647158861160278320e+00
2.345850224255860610e+02 1.678192853927612305e+00
2.158039544285189208e+02 1.710629701614379883e+00
2.067134257531700428e+02 1.744493007659912109e+00
1.956003049537299034e+02 1.776008367538452148e+00
2.017451398008326748e+02 1.809157133102416992e+00
1.932978406226784216e+02 1.839763164520263672e+00
1.189363284878779012e+02 1.871222496032714844e+00
1.211378330243878025e+02 1.902110099792480469e+00
8.965508592926154563e+01 1.935571670532226562e+00
8.499387167541080146e+01 1.995564460754394531e+00
1.669094819817140092e+02 2.063612222671508789e+00
2.520768441986233483e+02 2.128555536270141602e+00
2.346637017283896398e+02 2.195664405822753906e+00
2.374820359251690434e+02 2.262774229049682617e+00
2.132509870981330948e+02 2.328088760375976562e+00
2.114373772518690373e+02 2.394133090972900391e+00
1.704125467925076123e+02 2.463813066482543945e+00
2.120114738928178326e+02 2.530015468597412109e+00
1.947148752529294597e+02 2.594570398330688477e+00
1.870924306036328346e+02 2.662390232086181641e+00
1.893653426149337804e+02 2.728768825531005859e+00
1.851675684977683147e+02 2.797293663024902344e+00
1.904095027911003797e+02 2.862678527832031250e+00
1.569215934348384565e+02 2.930719375610351562e+00
1.738394737040414100e+02 2.993996143341064453e+00
1.566279681336600049e+02 3.062164545059204102e+00
1.560233428242218849e+02 3.130597114562988281e+00
1.822540682642796526e+02 3.196439266204833984e+00
1.630681605029568289e+02 3.262771368026733398e+00
1.731082926035239211e+02 3.330878019332885742e+00
1.711312523878162892e+02 3.396470785140991211e+00
1.646016667960132054e+02 3.462184906005859375e+00
1.764342694322456282e+02 3.529007673263549805e+00
1.522335727999051187e+02 3.597021102905273438e+00
1.691356781167202143e+02 3.663387775421142578e+00
1.686547400727098704e+02 3.728878736495971680e+00
1.541352317900371531e+02 3.796613454818725586e+00
1.512241274153986126e+02 3.865652084350585938e+00
1.787606861230985658e+02 3.929679155349731445e+00
1.386990487708172282e+02 3.996150732040405273e+00
1.418583846232232872e+02 4.062653541564941406e+00
1.495649872927146475e+02 4.130179405212402344e+00
1.310417173139360898e+02 4.196706295013427734e+00
1.530997125286582730e+02 4.262673139572143555e+00
1.608680684863278145e+02 4.329912424087524414e+00
1.373609934354806228e+02 4.397425174713134766e+00
1.595552648889461977e+02 4.465506792068481445e+00
1.697407185208368503e+02 4.529503107070922852e+00
1.672668884717714946e+02 4.596611261367797852e+00
1.727929523408865009e+02 4.664349555969238281e+00
2.108907969697245903e+02 4.728844881057739258e+00
1.780325544250371195e+02 4.797178030014038086e+00
1.915656390210018287e+02 4.865838289260864258e+00
1.918954345640381689e+02 4.928805112838745117e+00
1.935751084596957412e+02 4.996948719024658203e+00
2.022077606268351246e+02 5.062625646591186523e+00
2.050156621228283882e+02 5.131260633468627930e+00
2.002470922951368095e+02 5.197133779525756836e+00
2.029921131203633422e+02 5.263593196868896484e+00
1.869866878472936094e+02 5.330603122711181641e+00
1.722052555409868830e+02 5.397067546844482422e+00
1.873947344475993475e+02 5.463931560516357422e+00
1.590692929120152144e+02 5.529263496398925781e+00
1.537281464346530981e+02 5.597488403320312500e+00
1.519830352366530519e+02 5.664910078048706055e+00
1.424143936817406200e+02 5.731153249740600586e+00
1.271254367400779870e+02 5.796495199203491211e+00
7.972986715260286417e+01 5.912808179855346680e+00
3.007020331545228373e+02 5.959602832794189453e+00
1.234738599689708849e+02 6.006127357482910156e+00
9.387102221762458498e+01 6.064475774765014648e+00
1.106763878784974651e+02 6.130871772766113281e+00
1.148153070212947711e+02 6.197771787643432617e+00
1.322788422456263220e+02 6.264108657836914062e+00
1.295918685869183378e+02 6.331820964813232422e+00
1.307596338114389027e+02 6.397608280181884766e+00
1.637103724013844896e+02 6.464521884918212891e+00
1.614870539033147168e+02 6.531503438949584961e+00
2.393240102143649608e+02 6.575920820236206055e+00
7.210396347220161317e+01 6.682449579238891602e+00
3.239426125755052226e+02 6.731647729873657227e+00
1.091923804159890210e+02 6.798320055007934570e+00
1.874127073948850750e+02 6.864535808563232422e+00
1.673394193421946738e+02 6.931614875793457031e+00
1.836250424597575375e+02 6.997866868972778320e+00
2.358469573774029016e+02 7.062726974487304688e+00
1.746430424729815627e+02 7.132621288299560547e+00
1.987377412256876141e+02 7.198420047760009766e+00
1.865844671357004074e+02 7.268093585968017578e+00
1.775194346360245561e+02 7.330314159393310547e+00
1.962084875803306829e+02 7.396765947341918945e+00
1.339556752229183871e+02 7.464776754379272461e+00
1.768983708418790286e+02 7.533081769943237305e+00
2.002747940071256778e+02 7.597025156021118164e+00
1.569123894544107145e+02 7.663865566253662109e+00
1.643377988010557544e+02 7.730800867080688477e+00
1.537172732312731966e+02 7.797143697738647461e+00
1.641489451026434665e+02 7.865153074264526367e+00
1.543596830106044138e+02 7.930259943008422852e+00
1.170420523223768896e+02 7.999671220779418945e+00
1.450646801902493053e+02 8.065068483352661133e+00
1.241908718474242193e+02 8.129986763000488281e+00
1.175126234584127474e+02 8.196992397308349609e+00
1.333778624201030993e+02 8.264469861984252930e+00
1.076607184383784954e+02 8.331449747085571289e+00
1.157795902238476486e+02 8.397792577743530273e+00
1.247698580346646082e+02 8.466270685195922852e+00
1.161837628469000236e+02 8.532382726669311523e+00
1.170410129035442282e+02 8.598010540008544922e+00
1.279292422569149608e+02 8.662941932678222656e+00
1.219870956360428238e+02 8.732982158660888672e+00
1.361361686724409594e+02 8.799499273300170898e+00
1.364672723734295232e+02 8.866258382797241211e+00
1.219983711460151312e+02 8.931833028793334961e+00
1.530654133955989096e+02 8.997814655303955078e+00
1.196612805746746204e+02 9.065190315246582031e+00
1.546151973420202808e+02 9.131147861480712891e+00
1.303400531199521595e+02 9.199770450592041016e+00
1.773490221777582860e+02 9.265527248382568359e+00
1.713092941429254381e+02 9.332339286804199219e+00
1.727263367442710660e+02 9.398603200912475586e+00
1.520742094261887019e+02 9.464688539505004883e+00
1.611356134389216948e+02 9.530658721923828125e+00
1.727710477378555822e+02 9.600595474243164062e+00
2.089076687595211297e+02 9.665878772735595703e+00
1.883905139778711657e+02 9.731536626815795898e+00
1.737555599163695490e+02 9.798899650573730469e+00
1.933528932740098014e+02 9.866530895233154297e+00
1.925072800331142844e+02 9.931826114654541016e+00
1.900938678112420916e+02 9.997950315475463867e+00
2.285684106580511354e+02 1.006516122817993164e+01
2.089197090956109548e+02 1.013386082649230957e+01
2.458208005730153900e+02 1.019766497611999512e+01
2.142517062552424818e+02 1.026465487480163574e+01
1.987809203279392705e+02 1.033214831352233887e+01
2.005893384443627099e+02 1.039921879768371582e+01
2.281270824992118094e+02 1.046627378463745117e+01
2.064100619835959662e+02 1.053145289421081543e+01
1.972803047435270685e+02 1.059831666946411133e+01
2.117405376990437276e+02 1.066659283638000488e+01
1.973408337507434283e+02 1.073168444633483887e+01
1.542699854825530679e+02 1.080179953575134277e+01
1.862208646079261314e+02 1.086533784866333008e+01
1.536559338551946610e+02 1.093234229087829590e+01
1.853283209060186607e+02 1.099951982498168945e+01
1.698002835626476212e+02 1.106536388397216797e+01
1.581057296264447132e+02 1.113169980049133301e+01
1.798375632798602624e+02 1.120025515556335449e+01
1.840893337119333069e+02 1.126656293869018555e+01
1.683048822779648219e+02 1.133219003677368164e+01
1.807947689137212706e+02 1.139970612525939941e+01
1.985519323681069466e+02 1.146595048904418945e+01
1.630283319552511898e+02 1.153342342376708984e+01
1.965921668845890338e+02 1.159994029998779297e+01
1.679369900850516331e+02 1.166571116447448730e+01
1.647338684338313044e+02 1.173248553276062012e+01
1.661757587906098479e+02 1.179922533035278320e+01
1.637133433310926591e+02 1.186669301986694336e+01
1.512545876949155002e+02 1.193313646316528320e+01
1.617957309646059798e+02 1.200168299674987793e+01
1.444672973931496642e+02 1.206587481498718262e+01
1.412891625789718546e+02 1.213112783432006836e+01
1.227980406691505522e+02 1.219877243041992188e+01
1.343793622090419717e+02 1.226778316497802734e+01
1.127967571028119522e+02 1.233293104171752930e+01
1.138331578505699042e+02 1.240040826797485352e+01
9.729542082643152412e+01 1.246621942520141602e+01
9.179984487949153049e+01 1.253337001800537109e+01
6.934180255875456567e+01 1.259945678710937500e+01
7.730452488800308686e+01 1.266647148132324219e+01
5.630978085544951028e+01 1.273291921615600586e+01
3.008718482120440285e+01 1.279939270019531250e+01
2.566649577588421494e+01 1.286687564849853516e+01
4.662409959982214502e+01 1.290977191925048828e+01
1.005493132984448756e+01 1.300922560691833496e+01
5.402872563795391159e+01 1.304624295234680176e+01
1.335269636654088110e+01 1.315215516090393066e+01
4.659573411857648466e+02 1.318235373497009277e+01
8.451742516598994825e+01 1.325334501266479492e+01
1.715537554902749662e+02 1.334679222106933594e+01
7.200463524225727951e+02 1.337470674514770508e+01
5.874879156814149184e+01 1.347888851165771484e+01
4.835674510240897916e+02 1.351004552841186523e+01
1.947571824010468333e+01 1.358265972137451172e+01
4.835824308693355533e+01 1.364805245399475098e+01
6.156898621818726269e+01 1.371501970291137695e+01
9.186806239491828308e+01 1.378123164176940918e+01
7.332269822833941930e+01 1.385077381134033203e+01
5.817766203503028777e+01 1.391952872276306152e+01
0.000000000000000000e+00 1.401448488235473633e+01
6.333223609706011104e+01 1.404606437683105469e+01
9.863334289651540132e+00 1.414744997024536133e+01
1.328760981186853201e+02 1.417847967147827148e+01
1.191915793302566584e+01 1.426237821578979492e+01
4.167010083950126642e+01 1.433437228202819824e+01
0.000000000000000000e+00 1.440586972236633301e+01
2.283605173269472743e+01 1.446779870986938477e+01
3.016725285000179824e+01 1.453409576416015625e+01
4.719386942669074614e+01 1.460110187530517578e+01
7.750524682399925780e+01 1.466814446449279785e+01
1.326698372121979901e+02 1.473428583145141602e+01
2.219235972417691016e+02 1.480004954338073730e+01
2.862344563611186459e+02 1.486761331558227539e+01
2.912388866447360556e+02 1.493559527397155762e+01
3.609825254554530147e+02 1.500173330307006836e+01
3.051042575551209097e+02 1.506612730026245117e+01
2.455585216294206816e+02 1.513390469551086426e+01
2.242258861475931724e+02 1.520124602317810059e+01
1.801730204569444140e+02 1.526830959320068359e+01
1.810786656427025605e+02 1.533388519287109375e+01
1.599167280097278194e+02 1.540035820007324219e+01
1.588938815051909046e+02 1.546843290328979492e+01
1.815023232812861522e+02 1.553484988212585449e+01
1.640101887818665318e+02 1.560080099105834961e+01
1.776893509277877001e+02 1.566597390174865723e+01
1.577283717491618802e+02 1.573425793647766113e+01
1.682724387287839818e+02 1.580096507072448730e+01
1.842762417384669504e+02 1.586896061897277832e+01
2.042911003720743111e+02 1.593696379661560059e+01
1.929780287674706187e+02 1.600189328193664551e+01
1.856558699207687368e+02 1.606697630882263184e+01
1.736087458658311107e+02 1.613414978981018066e+01
2.024245447053373539e+02 1.620134258270263672e+01
2.200633103993451982e+02 1.626950478553771973e+01
2.461496746848974624e+02 1.633625960350036621e+01
2.409975903350571400e+02 1.640107560157775879e+01
2.409052244746506233e+02 1.646864914894104004e+01
2.946565497815192316e+02 1.653592824935913086e+01
2.529782448980851370e+02 1.660027694702148438e+01
2.540670949627111668e+02 1.666718840599060059e+01
2.366476562825690451e+02 1.673610734939575195e+01
2.719097575706577459e+02 1.680250978469848633e+01
2.147379716544868700e+02 1.686737203598022461e+01
2.088072895554936679e+02 1.693407654762268066e+01
2.200666934803757329e+02 1.700132274627685547e+01
2.037232910491540281e+02 1.706969189643859863e+01
2.391087173039151992e+02 1.713452219963073730e+01
1.550905590633949203e+02 1.720183968544006348e+01
1.630227749639170156e+02 1.726987028121948242e+01
1.877493127025988713e+02 1.733378529548645020e+01
1.506324566875831579e+02 1.740050315856933594e+01
1.327720473616813308e+02 1.746912026405334473e+01
1.821713946444727412e+02 1.753522062301635742e+01
1.675853917214508897e+02 1.760193490982055664e+01
1.297926827488303161e+02 1.766776299476623535e+01
1.413869172815525701e+02 1.773486137390136719e+01
1.846004890847733861e+02 1.780186724662780762e+01
1.339076113672142014e+02 1.787071728706359863e+01
1.527788399634124232e+02 1.793778777122497559e+01
1.437414064307557737e+02 1.800144100189208984e+01
1.369136960631299473e+02 1.806798243522644043e+01
1.509577100006479213e+02 1.813488531112670898e+01
1.626596508506914631e+02 1.820306777954101562e+01
1.727443179779137949e+02 1.826804804801940918e+01
1.775102655591137477e+02 1.833588409423828125e+01
2.023719494219193109e+02 1.840106558799743652e+01
1.815615792405122590e+02 1.846829652786254883e+01
2.169582141425371447e+02 1.853493070602416992e+01
1.821785598981408896e+02 1.860193395614624023e+01
1.992301571621850940e+02 1.866908788681030273e+01
2.002065136147463988e+02 1.873497438430786133e+01
2.079542652679190837e+02 1.880315017700195312e+01
2.038820988053327881e+02 1.886784887313842773e+01
1.979090759075388917e+02 1.893450021743774414e+01
1.896490453983156215e+02 1.900345230102539062e+01
2.021220609595912094e+02 1.906871438026428223e+01
1.921249897236263848e+02 1.913657855987548828e+01
1.806555779088093061e+02 1.920482349395751953e+01
1.990633663956356827e+02 1.927203369140625000e+01
1.884963487059612248e+02 1.933850693702697754e+01
1.813185660525465437e+02 1.940234947204589844e+01
1.765169619053390591e+02 1.946894717216491699e+01
1.874377107705606136e+02 1.953764891624450684e+01
1.663580456177736551e+02 1.960266923904418945e+01
1.626746545614799402e+02 1.966916179656982422e+01
1.900630295544501962e+02 1.973529672622680664e+01
1.598557278535176636e+02 1.980296182632446289e+01
1.428387228197351817e+02 1.987504053115844727e+01
1.567529452946708375e+02 1.993787097930908203e+01
1.392626685766997809e+02 2.000209689140319824e+01
1.069987698596515457e+02 2.006949114799499512e+01
1.014964849787450731e+02 2.013558411598205566e+01
9.879010664796741992e+01 2.020118522644042969e+01
7.481865580058097009e+01 2.026933693885803223e+01
9.627589971085262732e+01 2.033901381492614746e+01
1.005253332293826105e+02 2.040271043777465820e+01
1.005210593164007520e+02 2.046944475173950195e+01
1.332236451737817902e+02 2.053590226173400879e+01
1.049248681965817980e+02 2.060396456718444824e+01
1.094425146097811137e+02 2.066921734809875488e+01
1.309690356159701707e+02 2.073534178733825684e+01
1.361104378703795419e+02 2.080504131317138672e+01
1.526171185307346150e+02 2.087344980239868164e+01
1.923013630622945414e+02 2.093922734260559082e+01
1.805669085504411839e+02 2.100237154960632324e+01
1.675076014434278875e+02 2.107069993019104004e+01
1.840536517708085285e+02 2.113790488243103027e+01
1.832824064663564059e+02 2.120383071899414062e+01
1.844629858349672986e+02 2.126888442039489746e+01
2.214077056599073217e+02 2.133738136291503906e+01
1.783766800104782533e+02 2.140488791465759277e+01
2.318331616289189299e+02 2.146973323822021484e+01
1.787249723492107876e+02 2.153734016418457031e+01
1.788723839037894834e+02 2.160442709922790527e+01
2.151892277907992650e+02 2.166981720924377441e+01
1.507811714778269732e+02 2.173646926879882812e+01
1.940226618624992909e+02 2.180366969108581543e+01
1.823702682270763376e+02 2.186992526054382324e+01
1.886481841322098489e+02 2.193904018402099609e+01
1.782816025337876624e+02 2.200658273696899414e+01
2.015635066447331951e+02 2.207107853889465332e+01
1.687921158794252392e+02 2.213678383827209473e+01
1.674858893004222580e+02 2.220273184776306152e+01
1.584925284789249815e+02 2.227270698547363281e+01
1.879876556397504714e+02 2.233698272705078125e+01
1.503975906161508647e+02 2.240380477905273438e+01
1.347359646930574399e+02 2.247142171859741211e+01
1.404690200849875623e+02 2.253627896308898926e+01
1.210709298358402748e+02 2.260338044166564941e+01
1.250987622968888502e+02 2.266978096961975098e+01
1.459413271376582486e+02 2.273864340782165527e+01
1.541085521772203322e+02 2.280385637283325195e+01
1.525212547000341772e+02 2.286942100524902344e+01
1.498090915516763744e+02 2.293650555610656738e+01
1.559311929919718125e+02 2.300763010978698730e+01
1.601644249287366222e+02 2.307037734985351562e+01
1.166967244108995629e+02 2.313946461677551270e+01
8.648941127951334806e+01 2.320883727073669434e+01
6.398575663757494425e+01 2.327327513694763184e+01
6.434788491187254067e+01 2.333735036849975586e+01
6.431288397085276642e+01 2.340331912040710449e+01
5.311997266117900551e+01 2.347119474411010742e+01
6.292050239218136198e+01 2.353862333297729492e+01
4.821111916934388830e+01 2.360421562194824219e+01
6.769606951176739074e+01 2.367027759552001953e+01
6.883199661817590709e+01 2.373685383796691895e+01
5.960550270326806555e+01 2.380902862548828125e+01
8.529711896808008476e+01 2.387216281890869141e+01
1.050323129782912588e+02 2.394147586822509766e+01
1.221513817025661695e+02 2.400947856903076172e+01
8.771241221375214536e+01 2.407975840568542480e+01
1.296734701689984490e+02 2.414240837097167969e+01
1.295669658301990808e+02 2.420510983467102051e+01
1.160479945535464736e+02 2.427296113967895508e+01
1.259338846635260722e+02 2.433747148513793945e+01
1.151128810005432968e+02 2.440750932693481445e+01
1.584463172117580996e+02 2.446998786926269531e+01
1.274570794277192931e+02 2.453793430328369141e+01
1.212879295946959104e+02 2.460440635681152344e+01
1.526146835776892488e+02 2.467218542098999023e+01
1.245696769041350507e+02 2.473690629005432129e+01
1.336976737596690441e+02 2.480422234535217285e+01
1.416724900486916852e+02 2.487081241607666016e+01
1.320383337059330700e+02 2.493855237960815430e+01
1.327937073023154255e+02 2.500632667541503906e+01
1.363050736072043776e+02 2.507235503196716309e+01
1.634216896953110734e+02 2.513882589340209961e+01
1.613064228089701260e+02 2.520472621917724609e+01
1.926506004157751306e+02 2.527220082283020020e+01
1.902790752290966054e+02 2.533929777145385742e+01
2.075873200830022256e+02 2.540742397308349609e+01
2.036762604140420478e+02 2.547420382499694824e+01
1.839321329111545538e+02 2.553967142105102539e+01
2.044562394422291334e+02 2.560779547691345215e+01
2.560399814303783046e+02 2.567326593399047852e+01
2.587508998797545132e+02 2.573805046081542969e+01
2.235822844024059179e+02 2.580646848678588867e+01
2.800601180854638983e+02 2.587421703338623047e+01
2.125811588881744001e+02 2.593956828117370605e+01
1.924635294988340206e+02 2.600610685348510742e+01
1.991050440286759056e+02 2.607460427284240723e+01
1.743332734908893826e+02 2.613975429534912109e+01
1.973770655342154043e+02 2.620810437202453613e+01
1.634677855112803684e+02 2.629040575027465820e+01
2.018012187207178556e+02 2.635725736618041992e+01
2.082876908480621978e+02 2.640829324722290039e+01
1.537683696830561075e+02 2.647338151931762695e+01
1.313140489100145203e+02 2.653889107704162598e+01
1.368557123755012981e+02 2.660821104049682617e+01
1.775973926553689068e+02 2.667411684989929199e+01
1.667309840342924190e+02 2.673899173736572266e+01
1.327749950987477803e+02 2.682010889053344727e+01
2.680918723330084958e+02 2.687441945075988770e+01
1.251379086077068479e+02 2.694031643867492676e+01
1.700999970191331272e+02 2.700734615325927734e+01
1.751960801044913865e+02 2.707267594337463379e+01
1.609649032931716022e+02 2.714213418960571289e+01
1.776952931413172507e+02 2.720629882812500000e+01
1.839464703726653738e+02 2.727265810966491699e+01
1.634955264766093705e+02 2.734021568298339844e+01
1.825058941780134205e+02 2.740687394142150879e+01
1.704682555666343262e+02 2.747272181510925293e+01
1.704086876835004603e+02 2.753833079338073730e+01
1.851424786383336993e+02 2.760426139831542969e+01
1.785140147138399982e+02 2.767241024971008301e+01
1.683512811536164122e+02 2.773882102966308594e+01
1.531021400382294360e+02 2.780543041229248047e+01
2.025041885784332010e+02 2.787131381034851074e+01
1.461563895118664220e+02 2.794007492065429688e+01
1.546479369156794519e+02 2.800506043434143066e+01
1.570590213713328751e+02 2.807509779930114746e+01
1.433383810384501373e+02 2.813788628578186035e+01
1.450291149779576187e+02 2.820752406120300293e+01
1.222971775134126489e+02 2.827293848991394043e+01
1.380951955895856145e+02 2.833911204338073730e+01
1.529726787387221236e+02 2.840480923652648926e+01
1.480009711547246241e+02 2.847304868698120117e+01
1.173987180563719335e+02 2.854119253158569336e+01
1.567527807443032088e+02 2.860530543327331543e+01
1.194001663867336021e+02 2.867282843589782715e+01
1.208403643391513214e+02 2.874005794525146484e+01
1.422384165455575271e+02 2.880525565147399902e+01
1.224725733556112459e+02 2.887158918380737305e+01
1.188146862053265806e+02 2.894150161743164062e+01
1.420733285152454926e+02 2.900790381431579590e+01
1.229560485431630354e+02 2.907397651672363281e+01
1.329249193598897705e+02 2.913781166076660156e+01
1.076771189355278580e+02 2.920605707168579102e+01
1.340889468848347690e+02 2.927149844169616699e+01
1.111164552664328937e+02 2.933944368362426758e+01
1.307720150435304163e+02 2.940654492378234863e+01
1.017823199057061601e+02 2.947531914710998535e+01
1.148632353763284044e+02 2.954104804992675781e+01
1.146133738350334710e+02 2.960516333580017090e+01
1.082823823551807720e+02 2.967302727699279785e+01
8.111375844812550895e+01 2.973941755294799805e+01
1.047850197601965760e+02 2.980757069587707520e+01
1.094255971340014355e+02 2.987410092353820801e+01
9.389851758750990030e+01 2.993975067138671875e+01
7.840812095009738414e+01 3.000602126121520996e+01
8.788637482756814734e+01 3.007429122924804688e+01
6.456864481306823222e+01 3.013999867439270020e+01
6.188980376827648655e+01 3.020661878585815430e+01
4.736695928873916728e+01 3.027338004112243652e+01
4.445080632341252169e+01 3.034087038040161133e+01
7.381394478713420426e+01 3.040723967552185059e+01
9.433257315281511524e+01 3.047258734703063965e+01
9.254705597584899124e+01 3.054022336006164551e+01
9.296586613824351275e+01 3.060993432998657227e+01
9.214369779822816042e+01 3.067413926124572754e+01
1.019112210188740306e+02 3.073922777175903320e+01
1.232901561510620496e+02 3.080611848831176758e+01
1.189244049401944778e+02 3.087391161918640137e+01
1.205494236350658781e+02 3.094079089164733887e+01
1.427128915533047859e+02 3.100523519515991211e+01
1.200439041492855523e+02 3.107187747955322266e+01
1.313300280648206240e+02 3.114082884788513184e+01
1.520522700338195250e+02 3.120725011825561523e+01
1.524156823166311767e+02 3.127318739891052246e+01
1.524462572956221322e+02 3.133943700790405273e+01
1.567588169930850768e+02 3.141018605232238770e+01
1.597541792041341182e+02 3.147432804107666016e+01
1.678650414311249790e+02 3.154039621353149414e+01
1.782992884884010607e+02 3.160816454887390137e+01
1.768253265362102979e+02 3.167719626426696777e+01
2.054945568603440051e+02 3.174064517021179199e+01
1.648034125905343501e+02 3.180794072151184082e+01
1.687982409008667162e+02 3.187364363670349121e+01
1.758722322911355036e+02 3.194211149215698242e+01
2.035282883935398388e+02 3.200617337226867676e+01
1.800555495932516124e+02 3.207281947135925293e+01
1.635633219325700054e+02 3.214062523841857910e+01
1.975069891440969911e+02 3.220644569396972656e+01
1.619161190399607051e+02 3.227466225624084473e+01
1.417414212105807394e+02 3.233893728256225586e+01
8.847423233846002688e+01 3.240580511093139648e+01
6.644667518473136170e+01 3.247410631179809570e+01
6.363762272349135429e+01 3.254077506065368652e+01
6.701666835534966538e+01 3.260915470123291016e+01
7.143839900560877254e+01 3.267330193519592285e+01
5.478956323066486078e+01 3.274159336090087891e+01
9.398828868272718751e+01 3.280718040466308594e+01
1.180090486799446694e+02 3.287325429916381836e+01
1.315305132938900954e+02 3.293996858596801758e+01
1.554572550889573677e+02 3.300954818725585938e+01
1.443831311468045158e+02 3.307332801818847656e+01
1.520177200972639469e+02 3.313943791389465332e+01
2.227329210758888109e+02 3.320708179473876953e+01
2.016639052659023150e+02 3.327452802658081055e+01
2.216190416620670192e+02 3.334251189231872559e+01
2.624659727311334336e+02 3.340828299522399902e+01
2.353040465708019440e+02 3.347370815277099609e+01
2.141174867831012989e+02 3.354250645637512207e+01
2.420638598746599826e+02 3.360756373405456543e+01
2.156046755280598006e+02 3.367493629455566406e+01
2.059946358210566473e+02 3.374042701721191406e+01
2.230350757221361278e+02 3.381074953079223633e+01
2.304587962505082430e+02 3.387583708763122559e+01
2.277409909353134196e+02 3.394126081466674805e+01
2.029783461154644044e+02 3.400754189491271973e+01
2.007756158273971323e+02 3.407455015182495117e+01
1.926600692502528887e+02 3.414122319221496582e+01
2.127732657701783410e+02 3.420802044868469238e+01
2.057724380171752898e+02 3.427429842948913574e+01
1.770839322190906273e+02 3.434229779243469238e+01
2.141584598021975125e+02 3.440882706642150879e+01
1.840548448062238549e+02 3.447536945343017578e+01
1.850307179437600666e+02 3.454156088829040527e+01
1.809843892224760680e+02 3.460923218727111816e+01
1.751788187770836203e+02 3.467456841468811035e+01
1.935904765152566256e+02 3.474092102050781250e+01
2.262150674354644764e+02 3.480778312683105469e+01
2.093290509214616861e+02 3.487551116943359375e+01
2.241219708202847016e+02 3.494199132919311523e+01
2.223817596597628210e+02 3.500899171829223633e+01
2.099445478050400880e+02 3.507325029373168945e+01
1.957309594330330924e+02 3.514217519760131836e+01
2.252578004685348105e+02 3.520832014083862305e+01
2.008520824469380273e+02 3.527530288696289062e+01
1.962032010022886936e+02 3.534077191352844238e+01
2.177113528034548438e+02 3.540982341766357422e+01
2.054950080711166152e+02 3.547601222991943359e+01
2.151864547380019417e+02 3.554073929786682129e+01
2.007237189985149541e+02 3.560757946968078613e+01
1.667320619127896180e+02 3.567596316337585449e+01
2.095435180725206123e+02 3.574243330955505371e+01
1.776263085212275996e+02 3.580832839012145996e+01
1.860702856430494023e+02 3.587480497360229492e+01
1.760254169992331015e+02 3.594507503509521484e+01
2.080651642721968528e+02 3.600792407989501953e+01
1.655154248347889734e+02 3.607465720176696777e+01
1.656555829682380363e+02 3.614160656929016113e+01
1.749020262224583178e+02 3.621045422554016113e+01
1.704627982680708271e+02 3.627551555633544922e+01
1.827898254774827933e+02 3.634139227867126465e+01
1.722306501069639637e+02 3.640759277343750000e+01
1.511058301026875199e+02 3.647700166702270508e+01
1.967520424606751135e+02 3.654326987266540527e+01
1.508934124984466223e+02 3.660887575149536133e+01
1.739789203699199049e+02 3.667466259002685547e+01
1.436883369340417858e+02 3.674320578575134277e+01
1.683450096609809634e+02 3.680718350410461426e+01
1.320150044372555556e+02 3.688316774368286133e+01
2.016297204036525272e+02 3.694329953193664551e+01
1.430156114722011012e+02 3.700963377952575684e+01
1.368808824489263145e+02 3.707538437843322754e+01
1.386119103747604129e+02 3.714031386375427246e+01
1.580097399121596027e+02 3.720847630500793457e+01
1.131972184212371104e+02 3.727633261680603027e+01
1.451724242792340362e+02 3.734417510032653809e+01
1.310983881085897451e+02 3.740979242324829102e+01
1.373015825673891470e+02 3.747534155845642090e+01
1.514970457033383298e+02 3.754265666007995605e+01
1.058170744860792354e+02 3.761014509201049805e+01
1.247334606366433434e+02 3.767527627944946289e+01
1.349261553719615563e+02 3.774238991737365723e+01
1.320257582459279888e+02 3.781097793579101562e+01
1.115177080293189817e+02 3.787501645088195801e+01
1.244108272083413027e+02 3.794178414344787598e+01
1.234314642738860925e+02 3.800908160209655762e+01
1.241803837050304935e+02 3.807741189002990723e+01
1.433336888021876803e+02 3.814323019981384277e+01
1.329708486605187545e+02 3.820922183990478516e+01
1.411695747968545049e+02 3.827604913711547852e+01
1.510107079018733600e+02 3.834486746788024902e+01
1.472208324426543413e+02 3.840894794464111328e+01
1.520768345658950977e+02 3.847535848617553711e+01
1.505912467562031054e+02 3.854436850547790527e+01
1.543774265602208970e+02 3.860978937149047852e+01
1.424384885297880885e+02 3.867602133750915527e+01
1.374922977343650246e+02 3.875668430328369141e+01
1.887585295847972588e+02 3.880992627143859863e+01
1.201738234732343358e+02 3.887752866744995117e+01
1.665178671663992418e+02 3.894386005401611328e+01
1.354144550657875072e+02 3.901113820075988770e+01
1.396685192027209439e+02 3.907597303390502930e+01
1.514317300640535962e+02 3.914233875274658203e+01
1.342632874050872260e+02 3.921100640296936035e+01
1.177299141305465895e+02 3.928001213073730469e+01
1.637800249429056123e+02 3.934257745742797852e+01
1.194460638730020605e+02 3.941212034225463867e+01
1.247848529656508703e+02 3.947820377349853516e+01
1.294435409009375064e+02 3.954237556457519531e+01
1.217054787445819528e+02 3.961062741279602051e+01
1.123683528189187228e+02 3.967781567573547363e+01
1.254921305428166676e+02 3.974400806427001953e+01
1.162974205566624164e+02 3.981005549430847168e+01
1.085489477759387142e+02 3.987775278091430664e+01
1.224514741928924764e+02 3.994558882713317871e+01
1.045970451689061775e+02 4.001043128967285156e+01
1.107264858630163360e+02 4.007679724693298340e+01
9.736632068752804514e+01 4.014256048202514648e+01
9.477457212574741163e+01 4.021012210845947266e+01
9.672426826973077141e+01 4.027870106697082520e+01
1.190844946857346827e+02 4.034265375137329102e+01
9.248085068213576676e+01 4.040930986404418945e+01
1.054423399040070422e+02 4.047703814506530762e+01
1.046329441085856757e+02 4.054461789131164551e+01
1.096835331902551474e+02 4.060908579826354980e+01
9.006490280358502787e+01 4.067662334442138672e+01
1.055279491883129879e+02 4.074362993240356445e+01
1.048180211836683640e+02 4.081176161766052246e+01
1.097376181464678666e+02 4.087683892250061035e+01
9.108417197841490065e+01 4.094451713562011719e+01
9.212792693422265700e+01 4.101142859458923340e+01
1.089954539886389853e+02 4.107630348205566406e+01
9.198011480091921044e+01 4.114332246780395508e+01
7.551342933186074902e+01 4.121084713935852051e+01
8.884323644977600054e+01 4.127838182449340820e+01
1.077845333701007320e+02 4.134463834762573242e+01
7.729614308565372482e+01 4.141060566902160645e+01
9.119423520411753259e+01 4.147730684280395508e+01
9.039998586890487786e+01 4.154459404945373535e+01
7.337060490501346521e+01 4.161274123191833496e+01
7.889804220049059325e+01 4.167860031127929688e+01
7.645998082258705608e+01 4.174399399757385254e+01
4.694215854537720389e+01 4.181135940551757812e+01
4.705673976064568365e+01 4.187856078147888184e+01
3.070444537984297639e+01 4.194369792938232422e+01
3.003956283213728184e+01 4.201027679443359375e+01
0.000000000000000000e+00 4.207911348342895508e+01
0.000000000000000000e+00 4.214517283439636230e+01
3.758585167504236324e+01 4.221034336090087891e+01
3.024851166329514740e+01 4.227646231651306152e+01
4.663942837756869864e+01 4.234426498413085938e+01
7.508342528617815503e+01 4.241217637062072754e+01
7.727826798074900694e+01 4.247815895080566406e+01
9.062186611781233125e+01 4.254528141021728516e+01
1.056369516860854674e+02 4.261221885681152344e+01
1.113631421263447123e+02 4.267759156227111816e+01
1.250514920870093647e+02 4.274353408813476562e+01
1.257042653718401226e+02 4.281150317192077637e+01
1.573114801783201813e+02 4.287996816635131836e+01
1.552787020866084049e+02 4.294441366195678711e+01
1.573563678061604207e+02 4.301106548309326172e+01
1.627699645896053937e+02 4.307723450660705566e+01
2.024049680462628089e+02 4.314461517333984375e+01
1.874614519303621023e+02 4.321209096908569336e+01
2.178027367237938847e+02 4.327798867225646973e+01
2.142945225843158710e+02 4.334545111656188965e+01
2.174298582245502871e+02 4.341146183013916016e+01
2.448920817221033133e+02 4.347893118858337402e+01
2.289521276067177382e+02 4.354517102241516113e+01
2.323008360801209164e+02 4.361114144325256348e+01
2.372188190165910839e+02 4.367989444732666016e+01
2.330856370687548065e+02 4.374495959281921387e+01
2.274531293708253656e+02 4.381163597106933594e+01
2.455430957431782133e+02 4.387743091583251953e+01
2.105550626834867387e+02 4.394559693336486816e+01
2.250485148892165626e+02 4.401180338859558105e+01
2.734704392648490625e+02 4.408079791069030762e+01
2.763732817724206825e+02 4.414419555664062500e+01
2.225315327424112866e+02 4.421160173416137695e+01
2.492169697665588330e+02 4.427850461006164551e+01
2.302333671569163300e+02 4.434494614601135254e+01
2.168995394153065490e+02 4.441143870353698730e+01
2.313327195293887257e+02 4.448127532005310059e+01
1.961230382342859002e+02 4.454597234725952148e+01
2.136612306373145600e+02 4.461116147041320801e+01
2.179530036806495730e+02 4.467733263969421387e+01
1.731769337294715854e+02 4.474734401702880859e+01
2.026038063955173527e+02 4.481150865554809570e+01
1.714928857131139921e+02 4.487824916839599609e+01
1.558240108445616556e+02 4.494524979591369629e+01
1.726629698549164971e+02 4.501153802871704102e+01
1.707193749244087257e+02 4.507832455635070801e+01
1.747153169691847836e+02 4.514383411407470703e+01
1.593884710885720324e+02 4.521169757843017578e+01
1.816536390518194537e+02 4.528001260757446289e+01
1.746754101661180414e+02 4.534726500511169434e+01
1.956608250537314575e+02 4.541191315650939941e+01
1.594218640233771396e+02 4.547770142555236816e+01
1.658645246249408274e+02 4.554670667648315430e+01
1.667260854221239299e+02 4.561403250694274902e+01
1.857276612227350938e+02 4.568041372299194336e+01
1.577974812861594955e+02 4.574535107612609863e+01
1.631571472749750740e+02 4.581332564353942871e+01
1.896454197931388990e+02 4.587769079208374023e+01
1.692867694167812829e+02 4.594530105590820312e+01
1.740493989106407469e+02 4.601255035400390625e+01
2.062028427927568544e+02 4.608027124404907227e+01
1.705213532485565793e+02 4.614609861373901367e+01
1.863219901393959219e+02 4.621117067337036133e+01
1.925376046089791942e+02 4.627888941764831543e+01
1.748993256720115426e+02 4.634556722640991211e+01
1.835996266161966446e+02 4.641327166557312012e+01
2.058679701159736624e+02 4.647951889038085938e+01
1.954731040123033381e+02 4.654582715034484863e+01
1.802255596819081234e+02 4.661287117004394531e+01
1.922140498317520780e+02 4.667990112304687500e+01
1.769223974962646082e+02 4.674483990669250488e+01
1.908001486885271163e+02 4.681216287612915039e+01
1.796547856637536427e+02 4.688123798370361328e+01
1.838355260449466755e+02 4.695174384117126465e+01
2.313412461169502023e+02 4.701132702827453613e+01
1.694283676233503968e+02 4.707964992523193359e+01
1.682274195321192849e+02 4.714716458320617676e+01
1.953800572650039555e+02 4.721270990371704102e+01
1.558288530869216402e+02 4.728092670440673828e+01
1.864741399696973190e+02 4.734660577774047852e+01
1.734903833212459290e+02 4.741257786750793457e+01
2.066697417046606233e+02 4.747839045524597168e+01
1.620719789295476687e+02 4.754737424850463867e+01
1.712995136332793322e+02 4.761419010162353516e+01
1.697320163813575107e+02 4.768032360076904297e+01
1.745120906034784412e+02 4.774540686607360840e+01
1.378468203682575961e+02 4.781268167495727539e+01
1.797771135002926144e+02 4.788057994842529297e+01
1.483512068136159030e+02 4.794798755645751953e+01
1.874835397879534469e+02 4.801309490203857422e+01
1.533874611680107876e+02 4.808115983009338379e+01
1.508046300683537879e+02 4.814680433273315430e+01
1.469034515538981509e+02 4.821384739875793457e+01
1.348441660946663205e+02 4.828017783164978027e+01
1.413945598971925506e+02 4.834689879417419434e+01
1.496375498394309602e+02 4.841570258140563965e+01
1.531231576334846523e+02 4.848068213462829590e+01
1.401574194925041468e+02 4.854646205902099609e+01
1.250122935627807692e+02 4.861480736732482910e+01
1.630298778098031107e+02 4.868001103401184082e+01
1.253168131193924211e+02 4.874772167205810547e+01
1.177867195529025395e+02 4.881457138061523438e+01
1.317917330231884989e+02 4.887990283966064453e+01
1.296822626990927745e+02 4.894800591468811035e+01
1.315854432256140001e+02 4.901425790786743164e+01
1.324084341614577340e+02 4.907966351509094238e+01
1.539978610065724922e+02 4.914588546752929688e+01
1.771935450674780554e+02 4.921569228172302246e+01
2.396531231610218242e+02 4.928219413757324219e+01
2.436291271058779557e+02 4.934538364410400391e+01
2.239942440226473650e+02 4.941289901733398438e+01
2.343239564611993728e+02 4.948223924636840820e+01
2.260635563213727437e+02 4.954618954658508301e+01
2.362341232853547979e+02 4.961411762237548828e+01
2.001252421751919996e+02 4.968208241462707520e+01
2.201478029206981830e+02 4.974759387969970703e+01
2.243834409791609517e+02 4.981459212303161621e+01
2.011980318751988932e+02 4.987939596176147461e+01
1.472428225710407617e+02 4.994764971733093262e+01
1.397659302673549746e+02 5.001552629470825195e+01
1.099962309233651041e+02 5.008233284950256348e+01
1.082396598878801939e+02 5.014766073226928711e+01
9.261205890722422396e+01 5.021334075927734375e+01
9.144335701864837063e+01 5.028175663948059082e+01
9.242432022616431198e+01 5.034845352172851562e+01
1.220483129449541053e+02 5.041451144218444824e+01
1.291546027665591225e+02 5.048289275169372559e+01
1.413102326593558757e+02 5.054965353012084961e+01
1.290977211645776777e+02 5.061399722099304199e+01
1.385221887972444961e+02 5.068016099929809570e+01
1.183570018384631197e+02 5.074668860435485840e+01
1.405086760474612220e+02 5.081458044052124023e+01
1.562957896329949392e+02 5.088168454170227051e+01
1.408084940056025118e+02 5.094754433631896973e+01
1.557649710803723053e+02 5.101332902908325195e+01
1.381547873856533499e+02 5.108045387268066406e+01
1.515482394629034957e+02 5.114782762527465820e+01
1.984084008507324199e+02 5.121411991119384766e+01
1.940912091505426531e+02 5.128208231925964355e+01
2.014076069326827110e+02 5.134757590293884277e+01
2.110015770146465002e+02 5.141409516334533691e+01
1.959586194182985821e+02 5.148082709312438965e+01
1.740180338120947852e+02 5.155026268959045410e+01
1.828004108284629012e+02 5.161613559722900391e+01
1.728999233515955325e+02 5.168079924583435059e+01
1.503149976006855013e+02 5.174765801429748535e+01
1.802825683604243920e+02 5.181422019004821777e+01
1.436926317271853861e+02 5.188416028022766113e+01
1.598073826612294681e+02 5.194704771041870117e+01
1.204082022308694206e+02 5.201400542259216309e+01
1.028516814373007691e+02 5.208275556564331055e+01
1.193381678764879723e+02 5.214979195594787598e+01
1.082401032258064504e+02 5.221446299552917480e+01
1.055857646843049764e+02 5.228075981140136719e+01
8.803308091093830967e+01 5.234985613822937012e+01
7.810717473153407298e+01 5.241614389419555664e+01
6.325947295089403610e+01 5.248132157325744629e+01
4.810253989937757524e+01 5.254706192016601562e+01
5.914734000482471998e+01 5.261677098274230957e+01
4.675437709937278896e+01 5.268093609809875488e+01
2.103195263452725783e+01 5.274817728996276855e+01
4.378050791728860247e+01 5.281670093536376953e+01
9.132478843390283885e+01 5.288240051269531250e+01
1.092684452534637103e+02 5.294775724411010742e+01
9.098836372541866524e+01 5.301460933685302734e+01
8.708057932725994021e+01 5.308446145057678223e+01
1.562607435445594035e+02 5.314845705032348633e+01
1.776444544838491026e+02 5.321600770950317383e+01
2.133296131601127570e+02 5.328163385391235352e+01
2.099945137698523183e+02 5.334847211837768555e+01
2.586695518493121995e+02 5.341430664062500000e+01
1.932021152240902779e+02 5.349211788177490234e+01
2.978595546776699621e+02 5.354929041862487793e+01
1.653996033339852545e+02 5.361607027053833008e+01
1.656936097390989744e+02 5.368273162841796875e+01
1.972634233999520177e+02 5.374960112571716309e+01
1.701294192452392053e+02 5.381452441215515137e+01
1.771379517117463251e+02 5.388343429565429688e+01
1.947043874214679704e+02 5.395059609413146973e+01
1.955129604589325538e+02 5.401748013496398926e+01
1.849398381904605344e+02 5.408348298072814941e+01
2.226838932540655946e+02 5.414762258529663086e+01
1.951984900557015692e+02 5.421519947052001953e+01
1.982747904549829627e+02 5.428324007987976074e+01
1.481102051397011223e+02 5.434870052337646484e+01
7.964336743472711078e+01 5.441631650924682617e+01
8.393060375842655674e+01 5.448157548904418945e+01
8.647565336014886839e+01 5.454900431632995605e+01
9.486468838687324023e+01 5.461567354202270508e+01
1.163924763465277294e+02 5.468110537528991699e+01
1.086928799131893584e+02 5.474974846839904785e+01
1.401785459490681092e+02 5.481742525100708008e+01
1.540436062629522951e+02 5.488136076927185059e+01
1.595348108759573336e+02 5.494887161254882812e+01
1.728863411185703569e+02 5.501681995391845703e+01
1.588657050911679676e+02 5.508283853530883789e+01
1.939703600117125859e+02 5.515005707740783691e+01
2.000986742717734330e+02 5.521673250198364258e+01
1.349737012596004035e+02 5.528299927711486816e+01
1.921568151798728366e+02 5.534903168678283691e+01
1.568504393247041548e+02 5.541559386253356934e+01
1.461115780233819237e+02 5.548300027847290039e+01
1.676015636970774665e+02 5.554970812797546387e+01
1.198134884855513889e+02 5.561699819564819336e+01
1.383503253090042620e+02 5.568245077133178711e+01
1.521834680004542975e+02 5.574848866462707520e+01
1.378717395084772761e+02 5.581575131416320801e+01
1.051750529544720223e+02 5.588298273086547852e+01
1.376523454745494632e+02 5.594995975494384766e+01
1.053883053950249433e+02 5.601638078689575195e+01
1.042742656502719854e+02 5.608419299125671387e+01
1.236030145357501482e+02 5.614942002296447754e+01
1.091510947330443457e+02 5.621525692939758301e+01
1.049423034306261542e+02 5.628196024894714355e+01
9.257668222567633620e+01 5.635027718544006348e+01
1.167148495234136760e+02 5.641935372352600098e+01
1.220773239621089772e+02 5.648227405548095703e+01
9.260512221267551070e+01 5.655057001113891602e+01
1.092984080566510414e+02 5.661780309677124023e+01
1.104071939015896220e+02 5.668436098098754883e+01
1.431469435934884871e+02 5.674876713752746582e+01
1.167273389876995537e+02 5.681783628463745117e+01
1.205052002528299653e+02 5.688422346115112305e+01
1.401157568974332150e+02 5.694885134696960449e+01
1.205770836777082309e+02 5.701519894599914551e+01
1.331663415543723943e+02 5.708421993255615234e+01
1.374705875926364342e+02 5.714968848228454590e+01
1.204359960948716406e+02 5.721611380577087402e+01
1.190629229191578986e+02 5.728434324264526367e+01
1.381123741854755735e+02 5.734950757026672363e+01
1.128569709601097344e+02 5.742094540596008301e+01
1.590136861659779299e+02 5.748383307456970215e+01
1.189924110245826085e+02 5.755106425285339355e+01
1.221131009776094061e+02 5.761708712577819824e+01
1.375955234298094751e+02 5.768329882621765137e+01
1.377484529234961599e+02 5.775022912025451660e+01
1.386393925090586379e+02 5.781594228744506836e+01
1.343652955970931657e+02 5.788333606719970703e+01
1.472238349134587452e+02 5.795125985145568848e+01
1.347346994676398140e+02 5.801846885681152344e+01
1.406101310825780786e+02 5.808326101303100586e+01
1.351955052778399988e+02 5.815064811706542969e+01
1.348437626929328701e+02 5.821780276298522949e+01
1.251684241536083562e+02 5.828416633605957031e+01
1.424113147002369431e+02 5.834928488731384277e+01
1.413096119747797275e+02 5.841679191589355469e+01
1.330374288300898229e+02 5.848568344116210938e+01
1.534355136158413302e+02 5.855020236968994141e+01
1.369499180087856871e+02 5.861712574958801270e+01
1.319306422131526233e+02 5.868406820297241211e+01
1.642537356836315610e+02 5.875131392478942871e+01
1.575303376198353931e+02 5.881697797775268555e+01
1.727953976765543302e+02 5.888270783424377441e+01
1.908434034537526713e+02 5.895001554489135742e+01
1.688468384107669351e+02 5.901831746101379395e+01
1.638505706448350452e+02 5.908572864532470703e+01
2.000378537369086871e+02 5.915167069435119629e+01
1.862539858618692961e+02 5.921808171272277832e+01
1.728113794673461143e+02 5.928556513786315918e+01
2.155586230232412106e+02 5.935084319114685059e+01
2.038640428559164945e+02 5.941756153106689453e+01
1.760576535495630424e+02 5.948380064964294434e+01
2.139005713137193823e+02 5.955203104019165039e+01
2.045716883578709258e+02 5.961851859092712402e+01
2.148187507025625962e+02 5.968402147293090820e+01
2.434698839111401867e+02 5.974986624717712402e+01
2.106854934581111536e+02 5.981799006462097168e+01
2.136143761193803243e+02 5.988386225700378418e+01
2.169412619287529935e+02 5.995276045799255371e+01
1.660826831855705166e+02 6.001926565170288086e+01
1.993683978359884179e+02 6.008485627174377441e+01
1.787118855419805641e+02 6.015082740783691406e+01
1.622395182723776372e+02 6.021749830245971680e+01
1.752617199813761601e+02 6.028354716300964355e+01
1.768880334515775132e+02 6.035278558731079102e+01
1.429971734292065548e+02 6.041763734817504883e+01
1.585958586171453817e+02 6.048316431045532227e+01
1.650688788721915330e+02 6.055116605758666992e+01
1.498381528944076138e+02 6.061955285072326660e+01
1.736229202187025180e+02 6.068598103523254395e+01
1.720385223679782030e+02 6.075096845626831055e+01
1.532727600839955073e+02 6.081750369071960449e+01
1.526540312898424645e+02 6.088462901115417480e+01
1.703657561436571370e+02 6.095181107521057129e+01
1.425182841622574017e+02 6.101688075065612793e+01
1.430332141098797933e+02 6.108357429504394531e+01
1.472471438460610784e+02 6.115480208396911621e+01
1.534236726449707078e+02 6.122030615806579590e+01
1.519794224088614953e+02 6.128410005569458008e+01
1.218397770811041312e+02 6.135077810287475586e+01
1.187357271937427186e+02 6.142073702812194824e+01
1.264022526220929876e+02 6.148645281791687012e+01
9.838717803692560437e+01 6.155153369903564453e+01
1.038132788481791664e+02 6.161964702606201172e+01
1.112045641007809422e+02 6.168511295318603516e+01
7.997386358114745519e+01 6.175244951248168945e+01
9.832697274448585745e+01 6.181835961341857910e+01
8.940791268758526655e+01 6.188546776771545410e+01
9.784373219403421729e+01 6.195326209068298340e+01
1.036224261276386045e+02 6.201871442794799805e+01
1.438376115815173080e+02 6.208466958999633789e+01
1.252336619701109015e+02 6.215099859237670898e+01
1.432248026338675118e+02 6.221833086013793945e+01
1.389989084189691368e+02 6.228658199310302734e+01
1.593564106648380232e+02 6.235416841506958008e+01
1.777389850156402247e+02 6.241807007789611816e+01
1.904571584697811488e+02 6.248530960083007812e+01
2.017028433381974253e+02 6.255200982093811035e+01
1.844002976642715055e+02 6.261820578575134277e+01
1.975662000407295977e+02 6.268554592132568359e+01
2.422430966345599472e+02 6.275287294387817383e+01
2.349053925970188175e+02 6.282031702995300293e+01
2.951063980832343532e+02 6.288541007041931152e+01
2.644767788890791280e+02 6.295155143737792969e+01
2.593774355415424679e+02 6.301899313926696777e+01
2.940264970642330127e+02 6.308667325973510742e+01
2.634781548223105574e+02 6.315328192710876465e+01
2.900766727913496084e+02 6.321814370155334473e+01
2.935291635374950943e+02 6.328678965568542480e+01
2.902100168534951194e+02 6.335162162780761719e+01
2.653293310968482501e+02 6.341840672492980957e+01
3.086422623620000536e+02 6.348859167098999023e+01
2.624423236159456110e+02 6.355392575263977051e+01
2.636956567600591939e+02 6.362004590034484863e+01
2.841032199531434230e+02 6.368561339378356934e+01
2.711506320967400256e+02 6.375179195404052734e+01
2.572644179958469408e+02 6.381878018379211426e+01
3.164151035273182515e+02 6.388823723793029785e+01
1.969538857520297483e+02 6.395404696464538574e+01
2.266330199662040457e+02 6.402096462249755859e+01
2.699791130775797114e+02 6.408607482910156250e+01
2.291301043485389357e+02 6.415340447425842285e+01
2.308154434385930927e+02 6.422024250030517578e+01
2.536788093015031222e+02 6.428549408912658691e+01
2.219192920847344794e+02 6.435427737236022949e+01
2.551649328987898002e+02 6.441855430603027344e+01
2.276798149588641138e+02 6.448588442802429199e+01
2.177208142408219089e+02 6.455180692672729492e+01
1.937712134147122640e+02 6.462065958976745605e+01
2.394726124640158957e+02 6.468876552581787109e+01
2.108001015249805619e+02 6.475205612182617188e+01
1.862306564985813395e+02 6.481918597221374512e+01
2.151672251071298376e+02 6.488556623458862305e+01
1.970004927232779721e+02 6.495404696464538574e+01
1.923380445171638655e+02 6.501814675331115723e+01
1.818569877883079471e+02 6.508594083786010742e+01
1.981477518710387358e+02 6.515476918220520020e+01
2.254287024211263883e+02 6.521935820579528809e+01
1.729525705118519738e+02 6.528528237342834473e+01
1.728787482457231022e+02 6.535298705101013184e+01
1.707092201358597947e+02 6.542155218124389648e+01
1.999540524972840103e+02 6.548675918579101562e+01
1.594984441700312061e+02 6.555221629142761230e+01
1.600440760374889351e+02 6.561980175971984863e+01
1.826519790986351666e+02 6.568618130683898926e+01
1.426411705626384787e+02 6.575415158271789551e+01
1.730331859515401618e+02 6.581902337074279785e+01
1.521474202558532340e+02 6.588795709609985352e+01
1.376966718175305004e+02 6.595412015914916992e+01
1.560580384651923680e+02 6.601883649826049805e+01
1.884305226730831464e+02 6.608617472648620605e+01
1.568670665447869226e+02 6.615303444862365723e+01
1.755361389267219749e+02 6.621971416473388672e+01
1.975017086848920655e+02 6.628745579719543457e+01
1.906906712016785548e+02 6.635583043098449707e+01
2.429175410073348758e+02 6.641907119750976562e+01
2.129870546423816791e+02 6.648694777488708496e+01
2.113523303534468880e+02 6.655534934997558594e+01
2.546737169993559746e+02 6.661975026130676270e+01
2.107561153044131856e+02 6.668651580810546875e+01
1.881224952214816142e+02 6.675458979606628418e+01
2.180881853984563747e+02 6.682008099555969238e+01
1.681118889011837041e+02 6.688578343391418457e+01
1.825463751596823272e+02 6.695242691040039062e+01
1.474416246652389759e+02 6.702162981033325195e+01
1.538810614626883932e+02 6.708921265602111816e+01
1.624502624566257225e+02 6.715377449989318848e+01
1.558575352158341332e+02 6.722014331817626953e+01
1.835856720332702139e+02 6.728663301467895508e+01
1.566361856455591237e+02 6.735479784011840820e+01
1.775601460806115028e+02 6.741999173164367676e+01
1.422201386092318103e+02 6.748779964447021484e+01
1.554381880882444307e+02 6.755434751510620117e+01
2.076575906576894681e+02 6.762142133712768555e+01
1.985158518647967867e+02 6.768690729141235352e+01
1.913787516531489814e+02 6.775320816040039062e+01
1.939814575591083496e+02 6.782198619842529297e+01
2.113858196473668158e+02 6.788905525207519531e+01
1.907163878893888693e+02 6.795305895805358887e+01
1.816747978514864315e+02 6.802002215385437012e+01
2.072933364525763125e+02 6.808909249305725098e+01
1.979398997755986898e+02 6.815496301651000977e+01
2.124797860046718938e+02 6.822101950645446777e+01
1.806247369034537655e+02 6.828768587112426758e+01
1.959757896401512482e+02 6.835402059555053711e+01
1.710003074294323255e+02 6.842540383338928223e+01
2.417880580137317281e+02 6.848757934570312500e+01
1.819713563269297083e+02 6.855465888977050781e+01
2.259811901265244956e+02 6.862162351608276367e+01
1.766320281999122130e+02 6.869003152847290039e+01
2.179654852871671551e+02 6.875442552566528320e+01
1.972601870985856181e+02 6.882052302360534668e+01
1.757856414411645574e+02 6.888878798484802246e+01
2.000828087380532168e+02 6.895395302772521973e+01
1.751525026186755838e+02 6.902246475219726562e+01
1.944508113120074313e+02 6.908931970596313477e+01
1.843913526108125325e+02 6.915439867973327637e+01
1.823478298674009181e+02 6.922020697593688965e+01
1.466128947022849331e+02 6.928875398635864258e+01
1.531277214319129314e+02 6.935438466072082520e+01
1.789118808208647806e+02 6.942168927192687988e+01
1.488857420480853762e+02 6.948918986320495605e+01
1.527877149179145704e+02 6.955529141426086426e+01
1.961831481046158387e+02 6.962175178527832031e+01
1.843879193441877362e+02 6.968905377388000488e+01
1.791723281784074118e+02 6.975649189949035645e+01
2.024443552081013138e+02 6.982108592987060547e+01
1.630747822295496690e+02 6.988909482955932617e+01
1.531750596564351383e+02 6.995567250251770020e+01
1.575608799361652359e+02 7.002171039581298828e+01
1.246837526785959085e+02 7.008833193778991699e+01
1.187805581877545649e+02 7.015775585174560547e+01
1.265240369467132240e+02 7.022293090820312500e+01
1.082800221279734529e+02 7.028757810592651367e+01
6.230094429355992247e+01 7.035375857353210449e+01
3.183607618017711971e+01 7.042399549484252930e+01
3.482213045671818463e+01 7.048820948600769043e+01
5.421108376039558152e+01 7.055471897125244141e+01
4.696293485427997183e+01 7.062205457687377930e+01
4.914516680216356548e+01 7.068954086303710938e+01
7.964480323329344458e+01 7.075478243827819824e+01
1.299117039633675290e+02 7.082099914550781250e+01
1.387392285170697619e+02 7.088784122467041016e+01
1.383129539263414358e+02 7.095604872703552246e+01
1.712191611257163686e+02 7.102238368988037109e+01
1.403807612689211624e+02 7.108958649635314941e+01
1.598357429277330937e+02 7.115460515022277832e+01
1.860142300577664400e+02 7.122131872177124023e+01
1.535081503450839193e+02 7.128901743888854980e+01
1.749472268453903609e+02 7.135518503189086914e+01
1.992407677177256176e+02 7.142233538627624512e+01
1.616196851841063449e+02 7.149178838729858398e+01
1.649087419960435454e+02 7.155538773536682129e+01
9.914739689937287892e+01 7.162304663658142090e+01
1.173425352419097010e+02 7.168794870376586914e+01
9.804697608748683990e+01 7.175636696815490723e+01
9.912574014915881548e+01 7.182404065132141113e+01
1.027162717375670269e+02 7.188934874534606934e+01
1.104671349050486526e+02 7.195525169372558594e+01
1.073599469407554210e+02 7.202306199073791504e+01
9.953144851690326789e+01 7.209045982360839844e+01
1.212750400149793961e+02 7.215538668632507324e+01
1.199720427823530571e+02 7.222258782386779785e+01
1.277772396758170572e+02 7.228945422172546387e+01
1.408354414633791407e+02 7.235644006729125977e+01
1.556317372867601136e+02 7.242101478576660156e+01
1.501913226073982628e+02 7.248988747596740723e+01
1.722662982094545612e+02 7.256285476684570312e+01
2.055294163643162335e+02 7.262401294708251953e+01
1.781965180158302076e+02 7.268804240226745605e+01
1.747323635051646988e+02 7.275743055343627930e+01
2.140741847407907130e+02 7.282447600364685059e+01
1.881418370233880637e+02 7.288891863822937012e+01
1.974389435050009922e+02 7.295495629310607910e+01
1.899812617810715381e+02 7.302338409423828125e+01
1.938795869417627102e+02 7.309063410758972168e+01
1.932066999408890240e+02 7.315630769729614258e+01
1.535660592665958575e+02 7.322271585464477539e+01
1.653004566990027229e+02 7.328953576087951660e+01
1.485012683315184177e+02 7.335721111297607422e+01
1.702288705746830715e+02 7.342236185073852539e+01
1.494746670563037583e+02 7.348926281929016113e+01
1.365374716684592613e+02 7.355558443069458008e+01
1.614657861481205430e+02 7.362399125099182129e+01
1.340737625731658795e+02 7.369111847877502441e+01
1.537557828366142587e+02 7.375615668296813965e+01
1.196837270439320235e+02 7.382351970672607422e+01
1.371230298120897544e+02 7.388915419578552246e+01
1.193275111596962716e+02 7.395723605155944824e+01
1.375481680896621697e+02 7.402307033538818359e+01
1.182718447970786713e+02 7.409071111679077148e+01
1.341943896633937072e+02 7.415819072723388672e+01
1.065971599002922545e+02 7.422452521324157715e+01
1.213985289382378312e+02 7.429042387008666992e+01
1.238872289606764951e+02 7.435599994659423828e+01
1.197919021572170379e+02 7.442381787300109863e+01
1.252116084812481205e+02 7.449015855789184570e+01
1.359008731314634986e+02 7.455719590187072754e+01
1.277800399572094676e+02 7.462220311164855957e+01
1.277486744453334495e+02 7.469351840019226074e+01
1.650851182915697564e+02 7.475704979896545410e+01
1.656182599444454979e+02 7.482208085060119629e+01
1.624300397789235717e+02 7.488867354393005371e+01
1.572715000294077186e+02 7.495715594291687012e+01
1.966600622481459766e+02 7.502345514297485352e+01
1.770855384532982555e+02 7.508955144882202148e+01
1.623469220607799457e+02 7.515617823600769043e+01
1.981831525386787689e+02 7.522349810600280762e+01
1.691309129292274633e+02 7.528960275650024414e+01
1.860142300577664400e+02 7.535631632804870605e+01
1.657579198370350184e+02 7.542376613616943359e+01
1.675285151260075054e+02 7.549050307273864746e+01
1.781206921660291584e+02 7.555833935737609863e+01
1.553802725070201234e+02 7.562269759178161621e+01
1.585655555440995101e+02 7.569206953048706055e+01
1.484735456956218798e+02 7.575975751876831055e+01
1.555952738671563509e+02 7.582501888275146484e+01
1.545606110125285966e+02 7.589004111289978027e+01
1.666772270202793322e+02 7.595630908012390137e+01
1.334182754008779455e+02 7.602459383010864258e+01
1.377199966940912361e+02 7.609074568748474121e+01
1.524440844656559477e+02 7.615764260292053223e+01
1.229480628573220287e+02 7.622371959686279297e+01
1.057419892947702920e+02 7.629125595092773438e+01
1.535186635193784923e+02 7.635771203041076660e+01
1.390691559283301615e+02 7.642282629013061523e+01
1.227536214964667920e+02 7.648900794982910156e+01
1.011455718261480570e+02 7.655891776084899902e+01
1.332456743639304761e+02 7.662729096412658691e+01
1.450217578692981988e+02 7.669011211395263672e+01
1.205000228870336656e+02 7.675701880455017090e+01
1.474790027538621189e+02 7.682549977302551270e+01
1.395012840761701796e+02 7.689143848419189453e+01
1.238062057244527381e+02 7.695705747604370117e+01
1.657932287006856882e+02 7.702367877960205078e+01
1.191124916262279072e+02 7.709136486053466797e+01
2.044253810242689724e+02 7.715662908554077148e+01
1.610359439269477662e+02 7.722379827499389648e+01
1.875532147338294919e+02 7.729081821441650391e+01
2.075890791422340271e+02 7.735995817184448242e+01
1.859294682323407812e+02 7.742582964897155762e+01
2.159782137445894818e+02 7.749048542976379395e+01
2.034097270966562121e+02 7.755753326416015625e+01
1.691781910687623451e+02 7.762518692016601562e+01
1.655279371369532271e+02 7.769300007820129395e+01
1.878830087694885833e+02 7.775861978530883789e+01
1.702475759080886633e+02 7.782455301284790039e+01
1.681460387594129315e+02 7.789104485511779785e+01
1.636456829137454463e+02 7.795854043960571289e+01
1.697081217061534630e+02 7.802362489700317383e+01
1.495391087628106561e+02 7.809083056449890137e+01
1.479981173429771388e+02 7.815973711013793945e+01
1.556668712588045480e+02 7.822607660293579102e+01
1.585099482460283866e+02 7.828947877883911133e+01
1.326439206007353846e+02 7.835816216468811035e+01
1.202009544792004760e+02 7.842574930191040039e+01
1.379773971243881476e+02 7.849137878417968750e+01
1.203841974913210038e+02 7.855834984779357910e+01
1.228044976834272006e+02 7.862450408935546875e+01
9.119636576827392105e+01 7.869385504722595215e+01
1.084998171107109357e+02 7.875902628898620605e+01
1.059732657087474763e+02 7.882575130462646484e+01
9.140595238512861442e+01 7.889229798316955566e+01
9.109700873540477062e+01 7.895996665954589844e+01
7.771634225661547646e+01 7.902557730674743652e+01
7.888241846667479251e+01 7.909021806716918945e+01
7.604560545710653230e+01 7.915727019309997559e+01
6.604869002834048786e+01 7.922497987747192383e+01
4.771337141401978243e+01 7.929125642776489258e+01
6.732238561419613632e+01 7.935768508911132812e+01
6.714694012743352403e+01 7.942428731918334961e+01
4.123820535889711181e+01 7.949287486076354980e+01
5.427587369856479427e+01 7.955930495262145996e+01
5.507222581613083889e+01 7.962477445602416992e+01
3.249458245924392941e+01 7.969358801841735840e+01
4.507629313587464992e+01 7.976014184951782227e+01
4.610924041796525330e+01 7.980351710319519043e+01
1.350100968142730196e+01 7.990826582908630371e+01
3.015445669834787878e+01 7.994142842292785645e+01
9.917933511625651732e+00 8.004242968559265137e+01
4.502865732509111751e+01 8.009208846092224121e+01
3.311822049613078889e+01 8.015960621833801270e+01
5.660647077425221596e+01 8.020287847518920898e+01
3.214402253329554071e+01 8.027908205986022949e+01
4.194344223953982720e+01 8.034651637077331543e+01
2.326701810579043439e+01 8.044262099266052246e+01
9.514539743875580768e+01 8.047585725784301758e+01
1.493065260804715955e+01 8.054283356666564941e+01
3.150868405911279524e+01 8.061380028724670410e+01
3.172511931985789957e+01 8.070836257934570312e+01
2.810365436630637603e+01 8.075868391990661621e+01
0.000000000000000000e+00 8.082655811309814453e+01
6.248959654968926714e+01 8.089253878593444824e+01
4.817889646548422178e+01 8.095817494392395020e+01
7.653627669481977591e+01 8.102479720115661621e+01
8.765350543134526617e+01 8.109419274330139160e+01
1.314054408842649764e+02 8.115876603126525879e+01
1.518308682812501900e+02 8.122396683692932129e+01
1.779643631873503580e+02 8.129266285896301270e+01
2.105867525227924091e+02 8.136131310462951660e+01
2.352324893435902027e+02 8.142536258697509766e+01
2.197771252401805953e+02 8.149192428588867188e+01
2.399177491385711960e+02 8.155990386009216309e+01
2.048015238873031194e+02 8.162861061096191406e+01
2.387619676556289505e+02 8.169212889671325684e+01
2.669955831645128796e+02 8.173784708976745605e+01
8.586661651824032049e+01 8.184584736824035645e+01
3.431530231719406174e+02 8.189292693138122559e+01
1.243443133921300046e+02 8.195924448966979980e+01
1.634308600701545231e+02 8.202627253532409668e+01
1.735353574929643514e+02 8.209520888328552246e+01
1.684309331834207057e+02 8.216078686714172363e+01
1.566437790921394537e+02 8.222526121139526367e+01
1.485757213698002772e+02 8.229117965698242188e+01
1.387981774712732772e+02 8.235952949523925781e+01
2.163646125790267547e+02 8.242792630195617676e+01
3.623721721241344653e+02 8.249151682853698730e+01
3.160058812666669041e+02 8.255989193916320801e+01
3.023087624562139126e+02 8.262719726562500000e+01
3.362543754380751579e+02 8.269302821159362793e+01
2.532337163353267613e+02 8.275886988639831543e+01
2.363478105776034397e+02 8.282696223258972168e+01
1.241224940911829009e+02 8.295687031745910645e+01
5.920647344795504523e+02 8.300576400756835938e+01
2.262613117885181566e+02 8.305357003211975098e+01
2.364811694485348141e+02 8.309871983528137207e+01
2.074297724773380196e+02 8.315835118293762207e+01
2.111147481639249577e+02 8.322567319869995117e+01
2.796263113001684815e+02 8.329328751564025879e+01
2.385960395602603796e+02 8.335955595970153809e+01
2.480052650325006596e+02 8.342568850517272949e+01
2.765909564719170817e+02 8.349293971061706543e+01
2.411281828544014161e+02 8.356095838546752930e+01
2.480839707410059987e+02 8.362706995010375977e+01
2.615145288733149869e+02 8.369285845756530762e+01
2.362336124570402660e+02 8.376228642463684082e+01
2.495634683336632520e+02 8.382812809944152832e+01
2.302058200419324123e+02 8.389328718185424805e+01
1.904803128965600081e+02 8.396010732650756836e+01
1.498699006299510756e+02 8.402785038948059082e+01
1.653143921067426731e+02 8.409356021881103516e+01
1.346241133234189533e+02 8.416041302680969238e+01
1.616395217640665294e+02 8.422733139991760254e+01
1.530904996290431370e+02 8.429458332061767578e+01
1.228981901672885044e+02 8.436018443107604980e+01
1.150494248249042641e+02 8.442694830894470215e+01
1.894708264953224557e+02 8.449328994750976562e+01
1.488452603936151206e+02 8.456080889701843262e+01
1.514872402290330911e+02 8.462715029716491699e+01
1.947500068160228750e+02 8.469310784339904785e+01
2.029554235442546997e+02 8.476102447509765625e+01
2.682551827349199129e+02 8.482687044143676758e+01
2.556749794490112606e+02 8.489619731903076172e+01
2.798556341883788718e+02 8.496031737327575684e+01
2.799685801935148675e+02 8.502675724029541016e+01
3.048999827682191039e+02 8.509389233589172363e+01
2.429093221077608291e+02 8.516253471374511719e+01
2.675662027640496490e+02 8.522907710075378418e+01
2.394194149947303742e+02 8.529432034492492676e+01
2.275772929021832738e+02 8.536281776428222656e+01
2.730144003601922122e+02 8.542772293090820312e+01
2.399261839855714413e+02 8.549282836914062500e+01
2.790163716024531482e+02 8.556139469146728516e+01
2.270438059691992976e+02 8.563019418716430664e+01
2.982990187465196072e+02 8.569424057006835938e+01
2.603612958602400340e+02 8.576329278945922852e+01
3.083637401595319147e+02 8.582991099357604980e+01
2.730778603790631678e+02 8.589733481407165527e+01
2.670568162275013151e+02 8.596153998374938965e+01
2.900505405920608837e+02 8.602659058570861816e+01
2.334622304878896841e+02 8.609552454948425293e+01
2.423229360806865031e+02 8.616206598281860352e+01
2.709143770819280803e+02 8.623022842407226562e+01
2.488681189022279057e+02 8.629260754585266113e+01
1.985248698011612873e+02 8.636112022399902344e+01
2.124163703976947204e+02 8.642952179908752441e+01
2.027238934797805143e+02 8.649440288543701172e+01
1.818776488123929767e+02 8.656174182891845703e+01
3.408345572158448817e+02 8.660466217994689941e+01
8.704966469563350984e+01 8.667821931838989258e+01
1.892791334995047237e+02 8.674183750152587891e+01
1.757432789223462919e+02 8.681059145927429199e+01
2.136162518197172062e+02 8.687629652023315430e+01
2.145013002858757147e+02 8.694271945953369141e+01
1.255549797060896395e+02 8.704471659660339355e+01
5.589605769998058804e+02 8.707616496086120605e+01
1.951606096349495445e+01 8.717864465713500977e+01
2.824416393992620655e+01 8.722871565818786621e+01
4.754013067937961523e+01 8.729523372650146484e+01
8.476676335840497245e+01 8.735984897613525391e+01
1.426916923940391655e+02 8.740526676177978516e+01
6.053416156531275760e+01 8.747535347938537598e+01
1.362734224089035422e+02 8.754180359840393066e+01
1.359506090736749400e+02 8.763799071311950684e+01
4.128803062068672602e+02 8.769616937637329102e+01
2.426632703674652589e+02 8.776223301887512207e+01
2.971168693853858827e+02 8.783038282394409180e+01
2.374110961420145145e+02 8.789985060691833496e+01
2.468699325646040279e+02 8.796440839767456055e+01
2.155373673717692782e+02 8.802903008460998535e+01
2.245537722729716563e+02 8.809493255615234375e+01
2.071176980766582005e+02 8.816422986984252930e+01
2.580210987442372357e+02 8.822931313514709473e+01
2.456482191466639620e+02 8.829470086097717285e+01
2.149405621353317883e+02 8.836082458496093750e+01
2.159029044557238421e+02 8.843167614936828613e+01
2.520099473661668696e+02 8.849925041198730469e+01
2.417973797797856434e+02 8.856411623954772949e+01
2.333951168773631082e+02 8.862752223014831543e+01
2.305522512837344493e+02 8.869555187225341797e+01
2.064489607369783926e+02 8.876301836967468262e+01
2.465517736835385563e+02 8.882904434204101562e+01
2.018363134000681498e+02 8.889570045471191406e+01
2.155829101628092417e+02 8.896227669715881348e+01
2.378334312764642959e+02 8.902862453460693359e+01
1.999504732344767604e+02 8.909646463394165039e+01
2.009901266731533553e+02 8.916136789321899414e+01
2.081848740299952283e+02 8.923097610473632812e+01
1.747739260119186326e+02 8.929819059371948242e+01
1.995205064515628237e+02 8.936562037467956543e+01
2.057957933716906211e+02 8.943099403381347656e+01
1.983546636565993424e+02 8.949749565124511719e+01
2.063958743057347647e+02 8.956285905838012695e+01
2.129498951279948074e+02 8.962741756439208984e+01
1.727473135326338820e+02 8.969831562042236328e+01
2.372311693269979571e+02 8.976307225227355957e+01
2.283718270470074572e+02 8.982831525802612305e+01
2.269686169633892803e+02 8.989599990844726562e+01
2.063592630981019340e+02 8.996349573135375977e+01
2.612599872029028347e+02 9.003077888488769531e+01
2.303474182529134566e+02 9.009589791297912598e+01
2.302674214404698319e+02 9.016261291503906250e+01
2.611596114309762697e+02 9.022849082946777344e+01
2.101109854791984901e+02 9.029729652404785156e+01
2.184415447461752535e+02 9.036284184455871582e+01
2.252668837364680030e+02 9.043074822425842285e+01
2.148805386633341072e+02 9.049623227119445801e+01
2.979862547809100874e+02 9.053998732566833496e+01
1.432066841368355483e+02 9.061051130294799805e+01
2.102329888017384576e+02 9.067727375030517578e+01
1.526061598355436786e+02 9.074280190467834473e+01
1.452170480905723196e+02 9.081166434288024902e+01
9.373123826322937191e+01 9.091002583503723145e+01
1.924894984277072183e+02 9.096249365806579590e+01
9.172142067925646813e+01 9.102881145477294922e+01
1.215173737624130013e+02 9.109566640853881836e+01
1.514475082264867467e+02 9.116202521324157715e+01
1.707608704075410060e+02 9.122905182838439941e+01
1.564104957690582012e+02 9.129701495170593262e+01
1.547136264937846590e+02 9.136324667930603027e+01
1.458205232140087446e+02 9.142866539955139160e+01
1.266662943414158349e+02 9.149657869338989258e+01
1.254117554516615769e+02 9.156423807144165039e+01
1.381682559194152020e+02 9.163289952278137207e+01
1.132687663367046298e+02 9.169717240333557129e+01
1.292343571265998321e+02 9.176283049583435059e+01
1.169877143423882728e+02 9.183013677597045898e+01
1.081523056942499323e+02 9.189616799354553223e+01
1.197519651629704640e+02 9.196349263191223145e+01
1.591386929321469665e+02 9.202939796447753906e+01
1.522181722326683371e+02 9.209798574447631836e+01
1.596985421441397648e+02 9.216336083412170410e+01
1.522487448971707806e+02 9.223134088516235352e+01
1.426616155782208466e+02 9.229596614837646484e+01
1.176487664440222005e+02 9.236657142639160156e+01
1.345383430076405773e+02 9.243094158172607422e+01
1.328364367488824769e+02 9.249570035934448242e+01
1.172360336143423041e+02 9.256232023239135742e+01
1.272497197139691565e+02 9.263092088699340820e+01
1.391126915038560696e+02 9.269719481468200684e+01
1.289891372744527871e+02 9.276343297958374023e+01
1.589322889634906062e+02 9.283149123191833496e+01
1.465285554371702119e+02 9.289939522743225098e+01
2.010961434330197051e+02 9.296288299560546875e+01
1.443222457638587173e+02 9.303182506561279297e+01
1.534128371880128441e+02 9.309635353088378906e+01
1.538868226080296893e+02 9.316573619842529297e+01
1.713180660220892264e+02 9.323125743865966797e+01
1.431442337376774390e+02 9.329753208160400391e+01
1.713176800752580959e+02 9.336382889747619629e+01
1.446449243070122748e+02 9.342941594123840332e+01
1.405126847195915900e+02 9.349804782867431641e+01
1.636032787151104628e+02 9.356416296958923340e+01
1.259340696058283413e+02 9.363154172897338867e+01
1.395530840881441179e+02 9.369799399375915527e+01
1.532082432248364796e+02 9.376391410827636719e+01
1.390840165419261609e+02 9.383059048652648926e+01
1.230856665738688207e+02 9.389807701110839844e+01
1.330591545467624996e+02 9.396654605865478516e+01
5.596251331764910475e+01 9.409663510322570801e+01
3.256597848196897758e+02 9.414360761642456055e+01
1.067852243217724748e+02 9.419135785102844238e+01
1.109903313696035099e+02 9.423729896545410156e+01
8.353483062826492755e+01 9.429833960533142090e+01
9.452397447587233614e+01 9.436355495452880859e+01
8.972562668198953872e+01 9.443225789070129395e+01
8.430296887177753717e+01 9.449722862243652344e+01
8.310416490620494301e+01 9.456313657760620117e+01
7.741494677619435549e+01 9.463025736808776855e+01
8.912007248856086505e+01 9.469942712783813477e+01
9.157420136538685540e+01 9.476674318313598633e+01
9.994313839210671802e+01 9.483002471923828125e+01
1.069639236693749922e+02 9.489712858200073242e+01
1.055309531365104050e+02 9.496413326263427734e+01
8.784757134207670504e+01 9.503337550163269043e+01
1.117627900045931142e+02 9.509727358818054199e+01
3.074005982848595409e+01 9.523140168190002441e+01
1.767596555635290940e+02 9.527940630912780762e+01
4.888074666336206064e+01 9.532515168190002441e+01
4.896521785275729144e+01 9.537081813812255859e+01
5.150254663169965141e+01 9.543221855163574219e+01
3.621933675804826436e+01 9.549984788894653320e+01
3.025571220924990001e+01 9.556595110893249512e+01
2.137289744754900411e+01 9.563211965560913086e+01
2.137998479491247750e+01 9.569826626777648926e+01
2.620467274723739948e+01 9.576436328887939453e+01
3.383081923455416273e+01 9.583045887947082520e+01
3.294465003863707153e+01 9.589833235740661621e+01
3.312313299864126748e+01 9.596584010124206543e+01
4.727444206923484415e+01 9.603273200988769531e+01
5.058631324569559951e+01 9.609829568862915039e+01
7.787566432388638304e+01 9.616377210617065430e+01
6.253268020011654471e+01 9.623161888122558594e+01
7.748210114144971783e+01 9.629868149757385254e+01
8.773658731843298142e+01 9.636611151695251465e+01
1.086332336290534215e+02 9.643249177932739258e+01
1.312452658382456718e+02 9.649803566932678223e+01
1.446685894318593739e+02 9.656361198425292969e+01
1.248313956630245229e+02 9.663252353668212891e+01
1.430202546675589872e+02 9.669848608970642090e+01
1.633656633038610266e+02 9.676441383361816406e+01
1.094672695378385754e+02 9.683258080482482910e+01
1.406075158484355541e+02 9.690005111694335938e+01
1.438177477430419913e+02 9.696415686607360840e+01
1.381351618716097391e+02 9.703129124641418457e+01
1.205310808482879281e+02 9.709970688819885254e+01
1.358435377956262471e+02 9.716636729240417480e+01
1.234324716116206702e+02 9.723168444633483887e+01
1.064532973714518960e+02 9.729810857772827148e+01
1.019756940464654207e+02 9.736675238609313965e+01
1.104683380981559395e+02 9.743076229095458984e+01
9.167560874708922825e+01 9.749711322784423828e+01
1.037399279708230893e+02 9.756527471542358398e+01
8.938565466111032265e+01 9.763423895835876465e+01
8.434692100064796705e+01 9.769917583465576172e+01
9.480089138247812741e+01 9.776420068740844727e+01
7.812630631084981303e+01 9.783312964439392090e+01
6.160696289561622763e+01 9.790199589729309082e+01
9.413029234449476235e+01 9.796748399734497070e+01
6.369024851377273677e+01 9.803222084045410156e+01
6.169396393287000535e+01 9.809905242919921875e+01
6.182210201211398015e+01 9.816574549674987793e+01
6.338374799039234375e+01 9.823180079460144043e+01
6.118559734062169753e+01 9.829918766021728516e+01
6.095978123131981619e+01 9.836682415008544922e+01
4.385130251441913884e+01 9.843523716926574707e+01
4.506531525885070977e+01 9.850180721282958984e+01
5.258198658393773428e+01 9.856488251686096191e+01
4.553301465186884656e+01 9.863076877593994141e+01
4.488785726086487671e+01 9.870121717453002930e+01
3.003956283213728184e+01 9.876779603958129883e+01
5.105641382903603187e+01 9.883275604248046875e+01
2.814150904909001483e+01 9.891221404075622559e+01
4.197923524174527188e+01 9.896548008918762207e+01
3.677144379942109254e+01 9.903209400177001953e+01
3.302469387271218437e+01 9.909980297088623047e+01
3.331633735088871617e+01 9.916691923141479492e+01
2.123144678042709899e+01 9.923454809188842773e+01
3.428118290354034770e+01 9.929977536201477051e+01
2.654545452362452806e+01 9.936502385139465332e+01
1.484888092726204256e+01 9.943236899375915527e+01
2.025840799154273952e+01 9.950217771530151367e+01
1.593707704642087641e+01 9.956492447853088379e+01
2.087386105838039185e+01 9.963267493247985840e+01
2.130932213981126111e+01 9.969904088973999023e+01
1.477986503867364299e+01 9.976670050621032715e+01
2.134229102222410290e+01 9.983296394348144531e+01
2.116734921640291134e+01 9.989977502822875977e+01
1.447484685866132814e+01 9.996886038780212402e+01
1.539437048782009576e+01 1.000338191986083984e+02
2.158208419237203657e+01 1.000993463993072510e+02
0.000000000000000000e+00 1.001661989688873291e+02
1.465842816003578797e+01 1.002344191074371338e+02
1.521820246651984121e+01 1.003001298904418945e+02
1.498035265923060777e+01 1.003668839931488037e+02
2.101950623683356767e+01 1.004341650009155273e+02
2.126760582103484154e+01 1.005006611347198486e+02
3.742811260638350745e+01 1.005661063194274902e+02
5.374197976120382236e+01 1.006331963539123535e+02
9.027797398164877052e+01 1.006788675785064697e+02
3.099217923170127875e+01 1.007858824729919434e+02
1.381146016406509887e+02 1.008328053951263428e+02
5.606596506060964913e+01 1.008995420932769775e+02
6.956919222988128126e+01 1.009664103984832764e+02
1.004976057539920191e+02 1.010338978767395020e+02
1.273078776128639475e+02 1.011010107994079590e+02
1.236304799993110493e+02 1.011701200008392334e+02
1.828528689021728155e+02 1.012341315746307373e+02
1.768090761337771539e+02 1.013005723953247070e+02
1.998415266466248568e+02 1.013658161163330078e+02
2.044471609066540907e+02 1.014335207939147949e+02
2.340972640002329968e+02 1.014999732971191406e+02
1.965283803083544285e+02 1.015681197643280029e+02
1.972631636957782177e+02 1.016344103813171387e+02
2.170337755077924839e+02 1.016995713710784912e+02
1.622302363222381985e+02 1.017676558494567871e+02
1.809474363681363798e+02 1.018348882198333740e+02
1.875851328490405479e+02 1.019045989513397217e+02
1.757807894003778131e+02 1.019682028293609619e+02
1.888550693206826168e+02 1.020330538749694824e+02
1.931384206107636317e+02 1.021007602214813232e+02
1.819568893498169473e+02 1.021680698394775391e+02
1.768299324328624209e+02 1.022349824905395508e+02
2.105811326834383408e+02 1.022997469902038574e+02
1.717119648970697199e+02 1.023710725307464600e+02
2.259856045115882921e+02 1.024341199398040771e+02
2.168755834084965386e+02 1.024998157024383545e+02
1.995995499086956784e+02 1.025672187805175781e+02
1.987518511700623378e+02 1.026350960731506348e+02
2.419212868817220397e+02 1.026996645927429199e+02
2.053454813345199739e+02 1.027670855522155762e+02
2.054348620238658896e+02 1.028347101211547852e+02
2.513362339790961357e+02 1.029009294509887695e+02
2.245848752319323580e+02 1.029670619964599609e+02
2.278756960241664444e+02 1.030340473651885986e+02
2.501091576545728685e+02 1.031021351814270020e+02
2.376085488096089477e+02 1.031680102348327637e+02
2.175733627895116342e+02 1.032338171005249023e+02
2.315833295344999669e+02 1.033005850315093994e+02
1.943911927442815681e+02 1.033674604892730713e+02
2.037448474924804600e+02 1.034343066215515137e+02
2.188594935602505132e+02 1.034997267723083496e+02
1.725475222978373893e+02 1.035697541236877441e+02
1.851477389117777363e+02 1.036352388858795166e+02
1.670988280577635123e+02 1.036999709606170654e+02
1.615963412798214165e+02 1.037669072151184082e+02
1.437615251283145028e+02 1.038357677459716797e+02
1.478864649231390445e+02 1.039027075767517090e+02
1.267970713416327584e+02 1.039700908660888672e+02
1.401224769288645859e+02 1.040347156524658203e+02
1.051946036185423736e+02 1.041026034355163574e+02
1.049914641167488583e+02 1.041692755222320557e+02
1.227349307763934689e+02 1.042359609603881836e+02
9.145641254173472134e+01 1.043024709224700928e+02
9.152240434376238909e+01 1.043680286407470703e+02
8.879290856844525592e+01 1.044365336894989014e+02
9.805316694257275856e+01 1.045010349750518799e+02
7.695847781022835932e+01 1.045672917366027832e+02
8.263930796222021513e+01 1.046335704326629639e+02
7.418746966307273283e+01 1.047023019790649414e+02
7.586110272714792302e+01 1.047695171833038330e+02
6.319474673567322753e+01 1.048347616195678711e+02
6.049462381100045150e+01 1.049008831977844238e+02
5.982667470862778458e+01 1.049698007106781006e+02
6.237442351760716264e+01 1.050359032154083252e+02
6.222910639308022240e+01 1.051001818180084229e+02
4.729568226657089269e+01 1.051680552959442139e+02
4.648056238029862897e+01 1.052360897064208984e+02
4.746850181146123049e+01 1.053027081489562988e+02
5.097428233933483455e+01 1.053677728176116943e+02
3.327874440182269211e+01 1.054349648952484131e+02
4.556450438399580349e+01 1.055043671131134033e+02
4.755905222619591655e+01 1.055708587169647217e+02
3.143448999475380390e+01 1.056344830989837646e+02
3.007165339088165013e+01 1.057009909152984619e+02
3.315568587089220642e+01 1.057684323787689209e+02
2.963491777506932934e+01 1.058359203338623047e+02
3.361137083985621388e+01 1.059024474620819092e+02
1.478768135103213588e+01 1.059700713157653809e+02
3.015564910111188368e+01 1.060363938808441162e+02
1.545278841088027377e+01 1.061021037101745605e+02
3.418347406666039490e+01 1.061675174236297607e+02
1.445369741788971929e+01 1.062367038726806641e+02
1.469447928417777760e+01 1.063047566413879395e+02
2.192608408531330255e+01 1.063692557811737061e+02
3.342724456574169523e+01 1.064361493587493896e+02
0.000000000000000000e+00 1.065028243064880371e+02
2.670764909521478003e+01 1.065676765441894531e+02
1.464793375730335434e+01 1.066359455585479736e+02
2.088687097569174256e+01 1.067036538124084473e+02
2.166208322626676264e+01 1.067689390182495117e+02
2.119798586065993007e+01 1.068356535434722900e+02
1.489898975546682891e+01 1.069027721881866455e+02
2.148989783898167616e+01 1.069685804843902588e+02
2.124399334389528704e+01 1.070351505279541016e+02
2.102971566870780151e+01 1.071023988723754883e+02
2.085148082411114956e+01 1.071702220439910889e+02
3.440896683127186151e+01 1.072352070808410645e+02
2.099599523390329736e+01 1.073025634288787842e+02
1.482908892919393473e+01 1.073699984550476074e+02
3.255730002985145433e+01 1.074386794567108154e+02
2.196074668649518458e+01 1.075030767917633057e+02
3.400820534666989658e+01 1.075688276290893555e+02
2.070063097295955501e+01 1.076371450424194336e+02
3.081045305125521239e+01 1.077020580768585205e+02
2.141866266642974992e+01 1.077680852413177490e+02
3.334405437547739837e+01 1.078351457118988037e+02
2.820562928492412880e+01 1.079060535430908203e+02
4.942245562730278152e+01 1.079700381755828857e+02
4.555757825907500802e+01 1.080358889102935791e+02
6.182121800257620947e+01 1.081025829315185547e+02
4.269402795166987374e+01 1.081728503704071045e+02
6.302722115781960355e+01 1.082363150119781494e+02
4.582044937317726152e+01 1.083053295612335205e+02
4.653409368273903368e+01 1.083697984218597412e+02
1.520347399937653599e+01 1.084355728626251221e+02
1.476373748218025739e+01 1.085033063888549805e+02
0.000000000000000000e+00 1.085676803588867188e+02
2.515999622635214905e+01 1.086365218162536621e+02
3.303039293907325913e+01 1.087042191028594971e+02
2.621441222247254643e+01 1.087702915668487549e+02
4.559521687139906732e+01 1.088360879421234131e+02
4.999041450338810222e+01 1.089024331569671631e+02
5.517209954675702477e+01 1.089702510833740234e+02
8.308673231562656269e+01 1.090361728668212891e+02
6.192726970596051217e+01 1.091046829223632812e+02
1.001706380672097794e+02 1.091686050891876221e+02
1.147600196050469776e+02 1.092372179031372070e+02
1.153137964496012415e+02 1.093038287162780762e+02
1.379114269043270440e+02 1.093702855110168457e+02
1.473130567167110030e+02 1.094350414276123047e+02
1.405630825629838512e+02 1.095054688453674316e+02
1.974509766197124918e+02 1.095697307586669922e+02
1.861153916378533779e+02 1.096355364322662354e+02
1.975444976047096191e+02 1.097015388011932373e+02
1.691960790105804904e+02 1.097691853046417236e+02
2.280716744015130928e+02 1.098385117053985596e+02
1.810125733481699228e+02 1.099038782119750977e+02
1.893945941110861497e+02 1.099702465534210205e+02
1.840865043686360991e+02 1.100367774963378906e+02
1.505700408899051297e+02 1.101035230159759521e+02
1.598714285819568204e+02 1.101700148582458496e+02
1.643374940597062164e+02 1.102366731166839600e+02
1.446760441424574424e+02 1.103061378002166748e+02
1.574224918012803585e+02 1.103699779510498047e+02
1.222030884508694157e+02 1.104369595050811768e+02
1.338242052689813590e+02 1.105026936531066895e+02
1.159893047943133979e+02 1.105705792903900146e+02
1.488166353721965152e+02 1.106374392509460449e+02
1.190606036382224033e+02 1.107035737037658691e+02
1.407283571146909082e+02 1.107709860801696777e+02
1.900264279085840258e+02 1.108377587795257568e+02
1.979642618739830198e+02 1.109036211967468262e+02
2.027151109882651951e+02 1.109699883460998535e+02
2.239778609165955459e+02 1.110372562408447266e+02
1.800187207797886231e+02 1.111059675216674805e+02
2.107914259238995953e+02 1.111706674098968506e+02
1.809688626922227854e+02 1.112374360561370850e+02
1.817668781920768026e+02 1.113036835193634033e+02
1.961536751762387212e+02 1.113724598884582520e+02
2.050229369103583110e+02 1.114414381980895996e+02
2.033382069724711698e+02 1.115076019763946533e+02
1.703302304203245399e+02 1.115713768005371094e+02
1.626390814539153382e+02 1.116378839015960693e+02
1.359912962656080140e+02 1.117040646076202393e+02
1.439458431036820514e+02 1.117709763050079346e+02
1.539643070312602902e+02 1.118381612300872803e+02
1.410593619479651295e+02 1.119050407409667969e+02
1.637970185849870859e+02 1.119710776805877686e+02
1.398727548155651164e+02 1.120373780727386475e+02
1.500940793358263647e+02 1.121040029525756836e+02
1.386667199611333956e+02 1.121704900264739990e+02
1.444105229845510507e+02 1.122390410900115967e+02
1.421448519769901679e+02 1.123042817115783691e+02
1.393759270039841169e+02 1.123704304695129395e+02
1.312669799035877816e+02 1.124410774707794189e+02
1.386911689588112893e+02 1.125039350986480713e+02
1.072679222972196129e+02 1.125718035697937012e+02
1.297574357298564678e+02 1.126376495361328125e+02
1.041441717842350982e+02 1.127062220573425293e+02
1.240496407617090284e+02 1.127712142467498779e+02
9.836433345019896990e+01 1.128370993137359619e+02
1.012171659977834111e+02 1.129033746719360352e+02
7.785110274746055836e+01 1.129725472927093506e+02
8.995151034238716647e+01 1.130392498970031738e+02
9.846231760512803532e+01 1.131050693988800049e+02
9.929166548941692838e+01 1.131711115837097168e+02
1.027216580803071793e+02 1.132399487495422363e+02
1.098594558834612371e+02 1.133043134212493896e+02
8.762072669687061932e+01 1.133708610534667969e+02
1.141779297079690423e+02 1.134392652511596680e+02
9.521001142081816226e+01 1.135065178871154785e+02
8.966839179297012663e+01 1.135715458393096924e+02
7.020190048741396538e+01 1.136383590698242188e+02
8.077379383414502456e+01 1.137050287723541260e+02
6.145346601548158105e+01 1.137721219062805176e+02
7.821452551496379613e+01 1.138385565280914307e+02
6.127296259876649032e+01 1.139058473110198975e+02
6.667498386051416048e+01 1.139712226390838623e+02
4.183753192678499033e+01 1.140388276576995850e+02
4.049441121183858883e+01 1.141086750030517578e+02
6.713317967980852075e+01 1.141718723773956299e+02
4.317516478460770912e+01 1.142373828887939453e+02
6.080429716682953512e+01 1.143071582317352295e+02
6.372756605611830594e+01 1.143718571662902832e+02
4.263058995415225638e+01 1.144382045269012451e+02
6.216210012886602243e+01 1.145045328140258789e+02
6.027415233762841495e+01 1.145729386806488037e+02
7.068492951670900482e+01 1.146392953395843506e+02
5.505799008586198795e+01 1.147047817707061768e+02
6.424740429478171677e+01 1.147708177566528320e+02
7.584906535241934478e+01 1.148393242359161377e+02
7.869349773486327138e+01 1.149053544998168945e+02
1.081441474567765937e+02 1.149707400798797607e+02
7.775077821678260648e+01 1.150386004447937012e+02
8.949339211833768104e+01 1.151065692901611328e+02
1.076610159547356318e+02 1.151715881824493408e+02
1.082406318945646859e+02 1.152385628223419189e+02
1.222615285955809412e+02 1.153039963245391846e+02
1.192212599996329487e+02 1.153736703395843506e+02
1.232237087089844039e+02 1.154396190643310547e+02
1.233896842703822188e+02 1.155049588680267334e+02
1.226436770468790911e+02 1.155706961154937744e+02
1.018342148983916786e+02 1.156394352912902832e+02
1.204156824747447558e+02 1.157058718204498291e+02
1.090313910919074232e+02 1.157713706493377686e+02
1.157061348910505956e+02 1.158405113220214844e+02
1.103980960690510216e+02 1.159051992893218994e+02
1.344880462106083314e+02 1.159725315570831299e+02
1.055756570669075813e+02 1.160395078659057617e+02
1.230550684229241227e+02 1.161055274009704590e+02
1.190070262000112820e+02 1.161746211051940918e+02
1.268143733929346553e+02 1.162381963729858398e+02
1.027127643994563186e+02 1.163070394992828369e+02
1.259087565189307441e+02 1.163715627193450928e+02
1.062473642813131960e+02 1.164391534328460693e+02
8.900285408112381447e+01 1.165065670013427734e+02
1.210399616969415035e+02 1.165751941204071045e+02
9.292102886693888308e+01 1.166406557559967041e+02
1.085486414841817719e+02 1.167051429748535156e+02
6.004665662143928273e+01 1.167717578411102295e+02
4.689950015259424987e+01 1.168391845226287842e+02
3.270226806291416466e+01 1.169075610637664795e+02
3.007186899538271874e+01 1.169740684032440186e+02
2.112167274924411231e+01 1.170410239696502686e+02
3.817649127556315847e+01 1.171051862239837646e+02
2.082841713256874527e+01 1.171730844974517822e+02
1.531852479492779473e+01 1.172383649349212646e+02
2.061172284910599117e+01 1.173069770336151123e+02
1.531695844927948968e+01 1.173722641468048096e+02
1.458964467711358814e+01 1.174408059120178223e+02
2.653391685771034147e+01 1.175060827732086182e+02
1.477517921620431451e+01 1.175737638473510742e+02
1.506163547307487960e+01 1.176401576995849609e+02
2.154821432365586986e+01 1.177057878971099854e+02
2.081562600326262924e+01 1.177737278938293457e+02
1.478721213916035637e+01 1.178413538932800293e+02
2.189468214071365892e+01 1.179059455394744873e+02
3.313764508415992083e+01 1.179734237194061279e+02
3.212703471175765912e+01 1.180430245399475098e+02
4.937131289956364810e+01 1.181070754528045654e+02
4.785418788435405446e+01 1.181731569766998291e+02
4.553861743747127377e+01 1.182400326728820801e+02
3.671874419626323771e+01 1.183067421913146973e+02
4.638757817204577094e+01 1.183749129772186279e+02
4.850396170148023600e+01 1.184401092529296875e+02
4.493881093281810024e+01 1.185068666934967041e+02
4.587718805698479940e+01 1.185757958889007568e+02
6.403885461750041941e+01 1.186420469284057617e+02
4.957893063483977159e+01 1.187058296203613281e+02
4.457978572643273907e+01 1.187731246948242188e+02
6.251971796460362185e+01 1.188409855365753174e+02
6.221353456997548648e+01 1.189072589874267578e+02
6.207196000771937605e+01 1.189736835956573486e+02
6.007611381263741634e+01 1.190402657985687256e+02
6.314152989627346102e+01 1.191074583530426025e+02
4.621270208861289319e+01 1.191758871078491211e+02
3.103156570794414293e+01 1.192403376102447510e+02
3.384510321715460890e+01 1.193064053058624268e+02
3.322463223892079043e+01 1.193737068176269531e+02
2.940915305814793257e+01 1.194417128562927246e+02
3.404635300504330075e+01 1.195073900222778320e+02
0.000000000000000000e+00 1.195757730007171631e+02
1.528280244565415380e+01 1.196412060260772705e+02
3.375459819219393864e+01 1.197084684371948242e+02
2.145127280245237245e+01 1.197743952274322510e+02
2.115798680761805883e+01 1.198412358760833740e+02
3.303132358567727778e+01 1.199089312553405762e+02
3.431078029866535672e+01 1.199741022586822510e+02
4.770805114527948376e+01 1.200403861999511719e+02
