9.949891895651253435e+03 6.005525588989257812e-02
0.000000000000000000e+00 1.070693254470825195e+00
3.338285119466117521e+03 1.100662231445312500e+00
5.738664769423370160e+01 1.135513544082641602e+00
7.964967186666054033e+01 1.163587331771850586e+00
2.812326672924768545e+01 1.199145078659057617e+00
6.817013668795813430e+01 1.228483438491821289e+00
4.613980928075827848e+01 1.259134054183959961e+00
6.876570979858254873e+01 1.291651248931884766e+00
9.390583230717564334e+01 1.323598146438598633e+00
6.967090489395147301e+01 1.356462001800537109e+00
1.021569980294595013e+02 1.387417078018188477e+00
9.410036046007269306e+01 1.419297933578491211e+00
1.369113853581222031e+02 1.452769041061401367e+00
1.357054869978964575e+02 1.484032630920410156e+00
1.808321856968901784e+02 1.515799999237060547e+00
2.144042340785517524e+02 1.547433376312255859e+00
2.510068859148906029e+02 1.579799175262451172e+00
2.733296357172337139e+02 1.612726449966430664e+00
2.831056113036043484e+02 1.644516706466674805e+00
2.889621175978898009e+02 1.677347421646118164e+00
3.016359969136053110e+02 1.708972930908203125e+00
2.946496069241478608e+02 1.741169929504394531e+00
3.000188215728543923e+02 1.772965908050537109e+00
2.252482976979798650e+02 1.809843540191650391e+00
2.987679394652963651e+02 1.844788074493408203e+00
1.947143756298610526e+02 1.877269268035888672e+00
1.465809144391014627e+02 1.908532381057739258e+00
1.100222487623585863e+02 1.941303491592407227e+00
5.578867282062195443e+01 1.995077848434448242e+00
6.539222343905285584e+01 2.063467264175415039e+00
8.834615218253068747e+01 2.132318735122680664e+00
9.502038305320314748e+01 2.197193384170532227e+00
7.455028946778864452e+01 2.265590429306030273e+00
9.236147700122214133e+01 2.330552577972412109e+00
1.136380739319587150e+02 2.395218133926391602e+00
8.297210012475343888e+01 2.461230993270874023e+00
1.264767007279194786e+02 2.529246091842651367e+00
9.732246574308742026e+01 2.597403526306152344e+00
1.492566985500619410e+02 2.662361145019531250e+00
1.292450007213118397e+02 2.728468179702758789e+00
1.377473595893250433e+02 2.795004129409790039e+00
1.744029544669347160e+02 2.863089799880981445e+00
1.982399504955859868e+02 2.929053783416748047e+00
1.864690555922398119e+02 2.995171070098876953e+00
1.726805334441708339e+02 3.066096544265747070e+00
1.960938263676393376e+02 3.128553628921508789e+00
1.577259171509614077e+02 3.195049285888671875e+00
1.960787131214108854e+02 3.263786077499389648e+00
1.649977970417417623e+02 3.330453634262084961e+00
1.878543505163463863e+02 3.396298885345458984e+00
1.547013146271159485e+02 3.462219715118408203e+00
1.632947166106415011e+02 3.528459787368774414e+00
1.729341653227948541e+02 3.596142768859863281e+00
2.096292552306686332e+02 3.661897182464599609e+00
1.825666994212171232e+02 3.728081464767456055e+00
1.776800315832964827e+02 3.797924280166625977e+00
1.969633184210294985e+02 3.864702939987182617e+00
1.973068859535674449e+02 3.928409814834594727e+00
1.936315262346194856e+02 3.994748353958129883e+00
2.176653750553272744e+02 4.061166048049926758e+00
2.187391658761135886e+02 4.131545782089233398e+00
2.581510102003242650e+02 4.196017026901245117e+00
2.040264338251420497e+02 4.264108419418334961e+00
2.177439344311368927e+02 4.330976963043212891e+00
2.206980537259476591e+02 4.396010160446166992e+00
1.837500002191376893e+02 4.463545799255371094e+00
1.883956269439482867e+02 4.529416084289550781e+00
2.233920511790352350e+02 4.597304582595825195e+00
1.991362422430312051e+02 4.662393093109130859e+00
2.186150439294798673e+02 4.728045940399169922e+00
1.920879106701142689e+02 4.796519517898559570e+00
2.387415658556278117e+02 4.863275289535522461e+00
1.997655587648955304e+02 4.929307222366333008e+00
2.137960554605969321e+02 4.997410535812377930e+00
2.387891235896625517e+02 5.061880826950073242e+00
1.937622168054379301e+02 5.129958629608154297e+00
2.009407708624589475e+02 5.196911811828613281e+00
1.617032287952808645e+02 5.261771917343139648e+00
1.607466629250487813e+02 5.329061985015869141e+00
1.500128953501177875e+02 5.398976564407348633e+00
1.636439968931067881e+02 5.465075254440307617e+00
1.468949885365575483e+02 5.530015468597412109e+00
1.571262158639270581e+02 5.596460819244384766e+00
1.229527489094727031e+02 5.664020299911499023e+00
1.225381102116564875e+02 5.731315374374389648e+00
1.417222318782008585e+02 5.796750545501708984e+00
1.253924208515406633e+02 5.862513780593872070e+00
1.210904435680593281e+02 5.931112289428710938e+00
1.362696869726163698e+02 5.997968196868896484e+00
1.382849020800211122e+02 6.063051223754882812e+00
1.369666973828144307e+02 6.129566907882690430e+00
1.299708580085387553e+02 6.198813199996948242e+00
1.661005471090720107e+02 6.265311241149902344e+00
1.551922533795136303e+02 6.330068826675415039e+00
1.925600677770373466e+02 6.395962953567504883e+00
1.901403737297286796e+02 6.464535474777221680e+00
2.139147834333865603e+02 6.530315160751342773e+00
2.600106359405787657e+02 6.598912239074707031e+00
2.366232017601594748e+02 6.662304162979125977e+00
2.274419691830871386e+02 6.732260227203369141e+00
2.971764065951525140e+02 6.797074794769287109e+00
2.541561341818498931e+02 6.864768028259277344e+00
2.742215871747187634e+02 6.930610656738281250e+00
2.972117628952984774e+02 6.998821735382080078e+00
2.794054206299009593e+02 7.062644958496093750e+00
2.481073386047406757e+02 7.129847049713134766e+00
2.699628569864751739e+02 7.197847366333007812e+00
2.322581219326586108e+02 7.265239953994750977e+00
2.219615361099811821e+02 7.331759691238403320e+00
2.435446077366866291e+02 7.397967338562011719e+00
2.289624340352981449e+02 7.462453126907348633e+00
1.985445644307865223e+02 7.530026912689208984e+00
2.046453193325596089e+02 7.598088026046752930e+00
2.039038217890820874e+02 7.663702726364135742e+00
1.855206893421824077e+02 7.730376243591308594e+00
2.260246660778360592e+02 7.798199415206909180e+00
2.014667262538661134e+02 7.864422082901000977e+00
2.015647136112553710e+02 7.929676294326782227e+00
2.428200332925661371e+02 7.996716976165771484e+00
2.251760939823298884e+02 8.064067602157592773e+00
2.281556728332449779e+02 8.131257295608520508e+00
2.592381618453063084e+02 8.197398900985717773e+00
2.287388915526122446e+02 8.263700485229492188e+00
2.225503363786485238e+02 8.332582473754882812e+00
2.643327420826653338e+02 8.397998571395874023e+00
2.224163129323427199e+02 8.462372541427612305e+00
2.079138616526606427e+02 8.531404495239257812e+00
2.361525860492120046e+02 8.600467920303344727e+00
2.121627834574561291e+02 8.663352012634277344e+00
1.820163247226013254e+02 8.730189561843872070e+00
2.066952349775248194e+02 8.797922134399414062e+00
1.646494136066538090e+02 8.865280628204345703e+00
1.991683996712726810e+02 8.931319952011108398e+00
1.645038463178074437e+02 8.998738050460815430e+00
1.702577236573492598e+02 9.064405202865600586e+00
1.423630209922205268e+02 9.136382818222045898e+00
1.813616707123983360e+02 9.198275566101074219e+00
1.620692575668788038e+02 9.263865709304809570e+00
1.441102973751142997e+02 9.332559585571289062e+00
1.577525027259244155e+02 9.399944543838500977e+00
1.656632954400639903e+02 9.463254213333129883e+00
1.407389914018249044e+02 9.531034946441650391e+00
1.513436504278681412e+02 9.597439289093017578e+00
1.487524851933371508e+02 9.665333986282348633e+00
1.384749148006253563e+02 9.730727672576904297e+00
1.463263565007457601e+02 9.799408912658691406e+00
1.243827309777192482e+02 9.864227056503295898e+00
1.053487731332980957e+02 9.931347608566284180e+00
1.193041205289288627e+02 9.998924970626831055e+00
9.238000395359426875e+01 1.006476998329162598e+01
7.702915922412090310e+01 1.013096594810485840e+01
6.539108360995275859e+01 1.019935655593872070e+01
6.076851972588053030e+01 1.026518011093139648e+01
8.079690896260629529e+01 1.033183073997497559e+01
1.595744654836910854e+02 1.039844632148742676e+01
2.065642965753347937e+02 1.046587514877319336e+01
2.449751866630357711e+02 1.053332161903381348e+01
2.026961596100215957e+02 1.059987807273864746e+01
2.250923087329422856e+02 1.066364169120788574e+01
1.879032447625166355e+02 1.073323440551757812e+01
2.006030946610503918e+02 1.079880142211914062e+01
1.918298699331311354e+02 1.086411952972412109e+01
1.806977784082246501e+02 1.093167185783386230e+01
1.804891801109985749e+02 1.100109410285949707e+01
1.964483443289972797e+02 1.106628298759460449e+01
2.047651885969721661e+02 1.113125562667846680e+01
1.819131652180354308e+02 1.119835662841796875e+01
1.755279931613217457e+02 1.126789855957031250e+01
2.160359922152316301e+02 1.133303236961364746e+01
1.951798974279291485e+02 1.140061569213867188e+01
1.763668177514299202e+02 1.146426129341125488e+01
1.337836276507854052e+02 1.153293991088867188e+01
9.301617210067665553e+01 1.159921240806579590e+01
4.791694396070445094e+01 1.166520738601684570e+01
4.632876168092323610e+01 1.173346471786499023e+01
5.112828489036939317e+01 1.179833340644836426e+01
2.877531292771361393e+01 1.186783742904663086e+01
3.104167082967913416e+01 1.193226695060729980e+01
2.105696445274400475e+01 1.199942827224731445e+01
2.064651874037391011e+01 1.206792473793029785e+01
3.376857469791196564e+01 1.213414216041564941e+01
3.368597773231978465e+01 1.220052194595336914e+01
4.877812941921356327e+01 1.226535177230834961e+01
4.416265504243266804e+01 1.233328247070312500e+01
6.881647082625404721e+01 1.239987373352050781e+01
8.221922302305091534e+01 1.246537137031555176e+01
1.007314071851952377e+02 1.253270220756530762e+01
1.084439402396841814e+02 1.259983468055725098e+01
1.292592017370016606e+02 1.266638565063476562e+01
1.471099454836882217e+02 1.273123097419738770e+01
1.398420662032214068e+02 1.279907059669494629e+01
1.534000706883424812e+02 1.286744141578674316e+01
1.882590187059578000e+02 1.293463134765625000e+01
1.949114895375819572e+02 1.299829959869384766e+01
1.701996528987828583e+02 1.306554722785949707e+01
2.091636088154136246e+02 1.313416671752929688e+01
1.971623825159677210e+02 1.320202493667602539e+01
2.237485077168229850e+02 1.326538825035095215e+01
1.780688688892324194e+02 1.333393788337707520e+01
1.963784039058261897e+02 1.340110874176025391e+01
2.051187099114223145e+02 1.346541738510131836e+01
1.832190735814080256e+02 1.353204011917114258e+01
1.854046449597809954e+02 1.359897303581237793e+01
1.794999434466888033e+02 1.366674757003784180e+01
2.008982241614299369e+02 1.373315763473510742e+01
1.736124719534956569e+02 1.379883122444152832e+01
1.857511770551301709e+02 1.386542201042175293e+01
2.154209053350068928e+02 1.393204832077026367e+01
1.968275175764232472e+02 1.399964118003845215e+01
2.047068712535251507e+02 1.406554388999938965e+01
2.142672619257399447e+02 1.413301491737365723e+01
2.143286081636858285e+02 1.420046663284301758e+01
2.160352771553625360e+02 1.426738548278808594e+01
2.480666766892948374e+02 1.433288431167602539e+01
2.753852400296764813e+02 1.440023446083068848e+01
3.224532706260649775e+02 1.446853184700012207e+01
3.537428286148148118e+02 1.453500938415527344e+01
3.444592194342180846e+02 1.459953403472900391e+01
3.130847719189529812e+02 1.466630363464355469e+01
3.395388734098015107e+02 1.473301029205322266e+01
2.603259754518384739e+02 1.479943323135375977e+01
2.508751860747309479e+02 1.486731314659118652e+01
3.000498280522112395e+02 1.493355083465576172e+01
2.685612664279008186e+02 1.499953222274780273e+01
2.636721778926544744e+02 1.506684398651123047e+01
2.864169953872082033e+02 1.513327264785766602e+01
2.731393774337545324e+02 1.519967961311340332e+01
2.810397357618152228e+02 1.526737928390502930e+01
3.089732270154152047e+02 1.533573055267333984e+01
2.824149405716065075e+02 1.539995646476745605e+01
2.876385383694421307e+02 1.546536803245544434e+01
2.966284519255154919e+02 1.553453969955444336e+01
2.716307026471235986e+02 1.560131549835205078e+01
2.992802148829018165e+02 1.566567444801330566e+01
2.688907014264949566e+02 1.573313069343566895e+01
2.460543145681512271e+02 1.580015826225280762e+01
2.814964143534832033e+02 1.586558985710144043e+01
2.724378230900597941e+02 1.593386626243591309e+01
2.507990444650238260e+02 1.599865150451660156e+01
2.395659326647468106e+02 1.606887269020080566e+01
2.856049366678706178e+02 1.613437676429748535e+01
2.578235596149813205e+02 1.620031332969665527e+01
2.446113369948557761e+02 1.626698851585388184e+01
2.691441318294116058e+02 1.633397030830383301e+01
2.510892641001084371e+02 1.640260601043701172e+01
2.878269567307484067e+02 1.646676325798034668e+01
2.257866697695451990e+02 1.653566169738769531e+01
2.584632658895869781e+02 1.660063362121582031e+01
2.720482568509810335e+02 1.666679835319519043e+01
2.279140820101294764e+02 1.673319506645202637e+01
2.190978248040303811e+02 1.680150532722473145e+01
2.330244440857819654e+02 1.686922240257263184e+01
2.169880547319850734e+02 1.693472218513488770e+01
2.141820423935195947e+02 1.700124430656433105e+01
2.161720764725482695e+02 1.706699132919311523e+01
1.804706372586346106e+02 1.713485527038574219e+01
1.109705666424949300e+02 1.720045924186706543e+01
4.836768318227175456e+01 1.726903033256530762e+01
9.069186018791199899e+01 1.733426308631896973e+01
5.375325014798519874e+01 1.740133905410766602e+01
6.668170780770125816e+01 1.746840596199035645e+01
5.750737837571359989e+01 1.753346991539001465e+01
6.104693334210191580e+01 1.760100984573364258e+01
8.631762212327652151e+01 1.766756129264831543e+01
8.344787149370758073e+01 1.773535037040710449e+01
9.852541803893650751e+01 1.780033993721008301e+01
7.635293172895974578e+01 1.786712217330932617e+01
1.219918895613201499e+02 1.793570542335510254e+01
1.039672164744311829e+02 1.800371789932250977e+01
1.470556369480409842e+02 1.806750893592834473e+01
1.239361771725623242e+02 1.813404488563537598e+01
1.295754438776530435e+02 1.820176577568054199e+01
1.580676660839187662e+02 1.826811766624450684e+01
1.589351562107030134e+02 1.833410739898681641e+01
1.812755107257475515e+02 1.840144443511962891e+01
2.135178226040102061e+02 1.847078943252563477e+01
1.999661191723493232e+02 1.853483152389526367e+01
2.281752002072430514e+02 1.860129690170288086e+01
2.383812089988822720e+02 1.866945695877075195e+01
2.451708168000591570e+02 1.873547792434692383e+01
2.817856079040581108e+02 1.880110669136047363e+01
2.994660524500210386e+02 1.886738944053649902e+01
3.271250578913616209e+02 1.893676233291625977e+01
3.606156479498029626e+02 1.900132107734680176e+01
3.313378972538041012e+02 1.906785559654235840e+01
3.032906816332786661e+02 1.913486194610595703e+01
2.926397187500160157e+02 1.920396995544433594e+01
3.551298796200891275e+02 1.926904034614562988e+01
3.364693484044615843e+02 1.933456015586853027e+01
3.117803600259637165e+02 1.940312623977661133e+01
3.550988838540097277e+02 1.947152948379516602e+01
3.489688337915672491e+02 1.953457236289978027e+01
3.448521045171378887e+02 1.960282540321350098e+01
3.812009813738274602e+02 1.966991186141967773e+01
3.584475298062564548e+02 1.973692536354064941e+01
3.440144499094020034e+02 1.980276417732238770e+01
3.643108695101400372e+02 1.987116694450378418e+01
3.507591339235319197e+02 1.993573975563049316e+01
3.524771317582411143e+02 2.000154495239257812e+01
3.774296932708566032e+02 2.007109117507934570e+01
3.425040013065490712e+02 2.013532400131225586e+01
3.443785972158718209e+02 2.020109319686889648e+01
3.528652910419046407e+02 2.026821637153625488e+01
3.024277854144248749e+02 2.033467769622802734e+01
2.858347844629097949e+02 2.040251660346984863e+01
3.226727402890712710e+02 2.046876811981201172e+01
2.675657905906140854e+02 2.053655838966369629e+01
2.533779731762316771e+02 2.060271668434143066e+01
2.930117807708188025e+02 2.066773986816406250e+01
2.458153410412189714e+02 2.073507881164550781e+01
2.515777483980131422e+02 2.080288577079772949e+01
2.689688978899487779e+02 2.087401342391967773e+01
2.679611580218760309e+02 2.093832755088806152e+01
2.404391873774814599e+02 2.100085186958312988e+01
1.907538381025533454e+02 2.106940460205078125e+01
1.158794213464392868e+02 2.113735461235046387e+01
1.352540167746574866e+02 2.120095586776733398e+01
1.808196714226482982e+02 2.126948213577270508e+01
1.958262208552762615e+02 2.133645415306091309e+01
1.943474101900449114e+02 2.140413165092468262e+01
2.303480670005475019e+02 2.146822953224182129e+01
1.872308416189332547e+02 2.153536486625671387e+01
2.280651367438759110e+02 2.160606622695922852e+01
3.155966561399217198e+02 2.166864109039306641e+01
2.638253395123791734e+02 2.173494577407836914e+01
2.647905184025474341e+02 2.180186676979064941e+01
2.824747692495302545e+02 2.186959362030029297e+01
2.271668869122737533e+02 2.193620872497558594e+01
2.057080011970745659e+02 2.200215005874633789e+01
2.035437109846434680e+02 2.207057952880859375e+01
1.914037163326715358e+02 2.213541460037231445e+01
1.885908527434438327e+02 2.220224380493164062e+01
2.022575285927789537e+02 2.226820755004882812e+01
1.850027756371943326e+02 2.233593606948852539e+01
1.848374080318324673e+02 2.240263700485229492e+01
1.956700435172811865e+02 2.247158336639404297e+01
2.008985602440127138e+02 2.253493833541870117e+01
1.982984114474685953e+02 2.260278367996215820e+01
2.383747969786109593e+02 2.266991567611694336e+01
2.115928326108924011e+02 2.273708558082580566e+01
2.270884433704052583e+02 2.280430316925048828e+01
2.565669376283163388e+02 2.286963915824890137e+01
2.326916377682640586e+02 2.293676877021789551e+01
2.500470727321848585e+02 2.300236129760742188e+01
2.205560058010456146e+02 2.306930494308471680e+01
2.226760106981020897e+02 2.313651752471923828e+01
2.025221789482383201e+02 2.320721507072448730e+01
2.645940029159727374e+02 2.327101826667785645e+01
2.375892945914090149e+02 2.333540272712707520e+01
2.195592962433433115e+02 2.340124750137329102e+01
2.357493874127714832e+02 2.347094726562500000e+01
2.192306562543172674e+02 2.353689074516296387e+01
2.606695826936894491e+02 2.360255718231201172e+01
2.043858392417708387e+02 2.367105507850646973e+01
2.270665959964664182e+02 2.373592996597290039e+01
2.259363954201087950e+02 2.380363512039184570e+01
2.575285908825666183e+02 2.386918878555297852e+01
2.425262759777781696e+02 2.393567442893981934e+01
2.348192234148303328e+02 2.400552058219909668e+01
3.106849206956852072e+02 2.407096791267395020e+01
2.548277101181641058e+02 2.413779497146606445e+01
3.174256789365566078e+02 2.420296978950500488e+01
2.575020021229355507e+02 2.427189445495605469e+01
2.484602181676011412e+02 2.433679223060607910e+01
2.300094936466991555e+02 2.440456533432006836e+01
2.287746083425161601e+02 2.447185778617858887e+01
2.148075229416258480e+02 2.453785848617553711e+01
2.343654335623619716e+02 2.460354566574096680e+01
2.311012400879691882e+02 2.466888356208801270e+01
1.757262166455675185e+02 2.473764419555664062e+01
2.305874394238604737e+02 2.480412530899047852e+01
2.083062151974186804e+02 2.487099027633666992e+01
2.154689117436466574e+02 2.493579888343811035e+01
1.997337848255779136e+02 2.500315666198730469e+01
2.071914011673474647e+02 2.507137751579284668e+01
1.823853633106908774e+02 2.513762760162353516e+01
2.006967150000863853e+02 2.520521545410156250e+01
1.869246813577022124e+02 2.527007770538330078e+01
1.830970424423107943e+02 2.533696818351745605e+01
2.076586799616882786e+02 2.540472960472106934e+01
1.991808322161380147e+02 2.546999692916870117e+01
1.912105050826586137e+02 2.553717541694641113e+01
3.238859388324504494e+02 2.560683274269104004e+01
3.518494050381046350e+02 2.567263269424438477e+01
3.799212041111833287e+02 2.573656678199768066e+01
3.828667555174833979e+02 2.580295157432556152e+01
3.915121915284069019e+02 2.587824630737304688e+01
4.474328298160114628e+02 2.593771505355834961e+01
3.410197769115511619e+02 2.600413203239440918e+01
3.197306454109758533e+02 2.607186532020568848e+01
3.135827520063757561e+02 2.613800096511840820e+01
3.504427300635454117e+02 2.620455622673034668e+01
3.194124096840709512e+02 2.627007794380187988e+01
3.007926706649719790e+02 2.633796715736389160e+01
3.265449294149681236e+02 2.640786695480346680e+01
2.852023490348162795e+02 2.647522044181823730e+01
3.343293280144069968e+02 2.654027175903320312e+01
3.101999444222859665e+02 2.660286521911621094e+01
2.932129749598829562e+02 2.667124533653259277e+01
2.564615246883093391e+02 2.673707175254821777e+01
2.494238866792293550e+02 2.680569887161254883e+01
1.906765960695083209e+02 2.687078118324279785e+01
1.817183269050735817e+02 2.693907189369201660e+01
1.932066493797002238e+02 2.701425480842590332e+01
2.304100542686394988e+02 2.707407879829406738e+01
1.561402180149247272e+02 2.713939213752746582e+01
1.525861736533263411e+02 2.720492887496948242e+01
1.194132376501860193e+02 2.727296185493469238e+01
1.558227430638334283e+02 2.733745741844177246e+01
1.304049465563234662e+02 2.740518307685852051e+01
1.221582022475101326e+02 2.747168731689453125e+01
1.145298327385846591e+02 2.754262113571166992e+01
1.303421125627550055e+02 2.760494971275329590e+01
9.304161967199793537e+01 2.767376971244812012e+01
1.205116721231289176e+02 2.773910784721374512e+01
1.082620549788897222e+02 2.780376577377319336e+01
9.945082393299004764e+01 2.787046456336975098e+01
8.810636852157527699e+01 2.793761157989501953e+01
8.244970464091899487e+01 2.800728511810302734e+01
7.019778665216523450e+01 2.807256603240966797e+01
7.484068435436711297e+01 2.813802480697631836e+01
6.573814335189138092e+01 2.820773434638977051e+01
6.198607990204220641e+01 2.827425098419189453e+01
4.634818863884263607e+01 2.834247970581054688e+01
3.492313971230843350e+01 2.840650796890258789e+01
2.295230125077602068e+01 2.848197102546691895e+01
3.994426500981491301e+01 2.854329371452331543e+01
5.608897006374709093e+01 2.858316016197204590e+01
1.369119459316488907e+01 2.868645381927490234e+01
1.248897764196889142e+02 2.871632671356201172e+01
2.453146359961292688e+01 2.878693199157714844e+01
6.405753855814447206e+01 2.884534287452697754e+01
4.255352046570455826e+01 2.891181039810180664e+01
5.466532005828346286e+01 2.897776722908020020e+01
5.966805978079872119e+01 2.904887127876281738e+01
2.254939765108561645e+01 2.911158752441406250e+01
1.849228745683175035e+01 2.918806338310241699e+01
2.185161079353445857e+01 2.925278234481811523e+01
3.323216672973569530e+01 2.932006859779357910e+01
2.129585725856973966e+01 2.938647651672363281e+01
2.126432740695657486e+01 2.945298290252685547e+01
2.114297895025725538e+01 2.951987099647521973e+01
0.000000000000000000e+00 2.958728218078613281e+01
0.000000000000000000e+00 2.965489792823791504e+01
2.159284757963379775e+01 2.972039246559143066e+01
1.536493283366119655e+01 2.978547573089599609e+01
1.477106855335723345e+01 2.985317564010620117e+01
0.000000000000000000e+00 2.995005178451538086e+01
0.000000000000000000e+00 2.998029637336730957e+01
0.000000000000000000e+00 3.008577871322631836e+01
0.000000000000000000e+00 3.014074444770812988e+01
2.366975355669550396e+01 3.018299245834350586e+01
3.183564391698301321e+01 3.025323033332824707e+01
2.077727392671372897e+01 3.032129573822021484e+01
4.948009555549001703e+01 3.040213632583618164e+01
9.956939814359499508e+01 3.047243905067443848e+01
8.612150725669289386e+01 3.054210805892944336e+01
1.710718187866122832e+02 3.058344197273254395e+01
5.125774702876180555e+01 3.065378355979919434e+01
9.932214591356623146e+01 3.072206974029541016e+01
1.413929461673327808e+02 3.078916525840759277e+01
1.384090999681299081e+02 3.086896753311157227e+01
2.924226332184513240e+02 3.092037701606750488e+01
1.522704219625269104e+02 3.098604965209960938e+01
1.785658768582105438e+02 3.105348467826843262e+01
6.346683879701257069e+01 3.115313601493835449e+01
1.915084880418603319e+01 3.120635008811950684e+01
5.010150231289483003e+01 3.127254819869995117e+01
9.391921881814488415e+01 3.133988857269287109e+01
9.083395111822274259e+01 3.140501928329467773e+01
1.060812780174067029e+02 3.147233963012695312e+01
8.945971867234962360e+01 3.153940892219543457e+01
1.231942667975223600e+02 3.160923624038696289e+01
1.839808035374683186e+02 3.167285537719726562e+01
1.714835708453813652e+02 3.173908805847167969e+01
2.679296236703474392e+02 3.178600263595581055e+01
9.701897426704090321e+01 3.188432765007019043e+01
3.081194790498665839e+02 3.193988156318664551e+01
1.523292070525583313e+02 3.200703835487365723e+01
1.823463450593974358e+02 3.207307529449462891e+01
2.260012361049800518e+02 3.213974094390869141e+01
2.278801699066314086e+02 3.220571112632751465e+01
2.713413884113244876e+02 3.227215051651000977e+01
1.987946739997447310e+02 3.234275436401367188e+01
2.993741670403421722e+02 3.240630793571472168e+01
2.133375684107469965e+02 3.247209882736206055e+01
2.368608042489628360e+02 3.253978085517883301e+01
2.235903408852181826e+02 3.260716533660888672e+01
2.108315982695879427e+02 3.267424321174621582e+01
2.434885272344521923e+02 3.274109983444213867e+01
2.206138344050472426e+02 3.280863714218139648e+01
2.472246216481278793e+02 3.287398457527160645e+01
2.314993594267782839e+02 3.293935298919677734e+01
2.163204386653711140e+02 3.300618362426757812e+01
2.166949382910967756e+02 3.307241821289062500e+01
2.222767101878015978e+02 3.314049887657165527e+01
2.126392513624865899e+02 3.320766830444335938e+01
2.081125211195196130e+02 3.327390193939208984e+01
2.423593084638497146e+02 3.333953166007995605e+01
1.992098753599420604e+02 3.340872526168823242e+01
2.201052185684211224e+02 3.347472023963928223e+01
1.894982441408425871e+02 3.354311919212341309e+01
1.806568825261361440e+02 3.360598874092102051e+01
1.532388286382783633e+02 3.367535853385925293e+01
1.575134179188170549e+02 3.374284577369689941e+01
1.627519633180247354e+02 3.380816078186035156e+01
1.544773464183304554e+02 3.387321805953979492e+01
1.470553286579420842e+02 3.394155883789062500e+01
1.462601598118925779e+02 3.400642156600952148e+01
1.548169495085701612e+02 3.407385802268981934e+01
1.687761310316232652e+02 3.414036607742309570e+01
1.519361613357317253e+02 3.420748662948608398e+01
1.388273395414038021e+02 3.427544140815734863e+01
1.558602948734150857e+02 3.434087204933166504e+01
1.426639390178380893e+02 3.440699934959411621e+01
1.508037564920093132e+02 3.447462391853332520e+01
1.399448439704383702e+02 3.454203605651855469e+01
1.444729897515728680e+02 3.460733532905578613e+01
1.399754395787088299e+02 3.467358708381652832e+01
1.748273173044617863e+02 3.474340772628784180e+01
1.862161701190785550e+02 3.480807232856750488e+01
2.042916378078768673e+02 3.487483072280883789e+01
2.220427726297942570e+02 3.493978309631347656e+01
1.971751503541560169e+02 3.500895094871520996e+01
2.262911374918174658e+02 3.507538437843322754e+01
1.937555432221219576e+02 3.514147925376892090e+01
1.862192932177131866e+02 3.520724821090698242e+01
1.805671696015320720e+02 3.527416539192199707e+01
2.040996234917431877e+02 3.534080672264099121e+01
1.716615240123437900e+02 3.540748167037963867e+01
1.724960779932303581e+02 3.547383403778076172e+01
1.464385770270731655e+02 3.554277110099792480e+01
1.031867914132101163e+02 3.560849976539611816e+01
9.444697581170380829e+01 3.567376828193664551e+01
7.530417646789247499e+01 3.574148058891296387e+01
7.485033998047188675e+01 3.580960345268249512e+01
9.672285984442295614e+01 3.587580418586730957e+01
9.848514919872205553e+01 3.594160842895507812e+01
1.971961378987016644e+02 3.600694489479064941e+01
2.310678972553769199e+02 3.607468461990356445e+01
2.785444713287835725e+02 3.614107704162597656e+01
2.633509852765182018e+02 3.620706558227539062e+01
2.545241735542730908e+02 3.627443218231201172e+01
2.419621788279779082e+02 3.634158349037170410e+01
1.930942235534570557e+02 3.640930533409118652e+01
1.884683106440122913e+02 3.647385478019714355e+01
1.497902883365222237e+02 3.654127907752990723e+01
1.591357580923076398e+02 3.661068749427795410e+01
1.852694089637790569e+02 3.667568254470825195e+01
1.663082459706655811e+02 3.674236917495727539e+01
1.838704992899676540e+02 3.680875587463378906e+01
2.062255620948421893e+02 3.687750315666198730e+01
2.035685309819854751e+02 3.694230151176452637e+01
2.043128811096374875e+02 3.700778484344482422e+01
1.999063857977513408e+02 3.707452440261840820e+01
1.107067380153415286e+02 3.720635485649108887e+01
5.107818252068448714e+02 3.725402998924255371e+01
1.948619382371092570e+02 3.730134320259094238e+01
2.010674500200126147e+02 3.734637975692749023e+01
1.484995207233484678e+02 3.740846443176269531e+01
1.763186444310214540e+02 3.747746181488037109e+01
1.773210507536324201e+02 3.754176187515258789e+01
1.511811183257321147e+02 3.760954117774963379e+01
1.690778594249013622e+02 3.767566657066345215e+01
1.322164911246460406e+02 3.774415564537048340e+01
1.407558464932638174e+02 3.780965590476989746e+01
1.536066254421668589e+02 3.787636494636535645e+01
6.380609895455776837e+01 3.794200396537780762e+01
1.519912160227861619e+01 3.800779724121093750e+01
6.174176053821259558e+01 3.807457709312438965e+01
9.145346203877070934e+01 3.814108920097351074e+01
7.416122982956787268e+01 3.820984506607055664e+01
9.103706435685515430e+01 3.827666139602661133e+01
9.290053396826158405e+01 3.834301638603210449e+01
1.079503783394245175e+02 3.840786099433898926e+01
1.526324674667851582e+02 3.847402977943420410e+01
1.318714707916745397e+02 3.854327511787414551e+01
1.482992783574411249e+02 3.861120820045471191e+01
1.527697648491223390e+02 3.867699265480041504e+01
1.367722692637963462e+02 3.874279546737670898e+01
1.064376337103207391e+02 3.880922937393188477e+01
1.200031226297676596e+02 3.887641310691833496e+01
9.491038391985425449e+01 3.894050264358520508e+01
1.022930739151733945e+02 3.901167178153991699e+01
1.264421416574231785e+02 3.907543420791625977e+01
1.035024324456757796e+02 3.914375209808349609e+01
1.530097767401138071e+02 3.920910739898681641e+01
1.211504413915115634e+02 3.927514100074768066e+01
1.329368080011269058e+02 3.934284234046936035e+01
1.374819486807100475e+02 3.940870833396911621e+01
1.316222541458039927e+02 3.947810673713684082e+01
1.535868761214251776e+02 3.954321646690368652e+01
1.353826202345515242e+02 3.961072587966918945e+01
1.665869788672629852e+02 3.967730093002319336e+01
1.545506601274195191e+02 3.974200463294982910e+01
1.443703134096982694e+02 3.981161642074584961e+01
1.665699550774739635e+02 3.987792706489562988e+01
1.158617866503501403e+02 3.994308948516845703e+01
7.994499133274629799e+01 4.001045036315917969e+01
7.533513687242955825e+01 4.007547950744628906e+01
8.057078924820777388e+01 4.014345979690551758e+01
7.407473341033438885e+01 4.021095919609069824e+01
7.891414444250212057e+01 4.027557396888732910e+01
6.447937784831266583e+01 4.034317541122436523e+01
8.976221371731446652e+01 4.041001868247985840e+01
1.183615151251918860e+02 4.047600507736206055e+01
1.015660974749402072e+02 4.054205274581909180e+01
1.185608148277262472e+02 4.061005377769470215e+01
1.451185465018801324e+02 4.067964863777160645e+01
1.158027845352863210e+02 4.074251508712768555e+01
1.129179091627760698e+02 4.081053924560546875e+01
1.263179461520810491e+02 4.087582063674926758e+01
1.191280175112277533e+02 4.094349789619445801e+01
1.389876012582645046e+02 4.101022052764892578e+01
1.687985065692486160e+02 4.107645535469055176e+01
1.416456160270279838e+02 4.114343118667602539e+01
1.755747975190240595e+02 4.121106243133544922e+01
2.029489629331860669e+02 4.127530717849731445e+01
1.578553984872086460e+02 4.134412193298339844e+01
1.973893997131846163e+02 4.141094875335693359e+01
1.669821304049145567e+02 4.147817134857177734e+01
1.643377988010557544e+02 4.154510664939880371e+01
1.716782383943165939e+02 4.161126422882080078e+01
1.315859197014729034e+02 4.168763923645019531e+01
1.749525440038903525e+02 4.174893474578857422e+01
1.287922212816908427e+02 4.181201338768005371e+01
1.364928299027191656e+02 4.187916088104248047e+01
1.162571326212504061e+02 4.194523119926452637e+01
1.049135030619140707e+02 4.201263022422790527e+01
9.009129987598412015e+01 4.208014798164367676e+01
7.790459898858495080e+01 4.214560008049011230e+01
9.614022737779926331e+01 4.221138477325439453e+01
6.138148576501888698e+01 4.227855658531188965e+01
6.361738254156224315e+01 4.234336757659912109e+01
4.813338255234047125e+01 4.241227245330810547e+01
5.472347696891868907e+01 4.247815918922424316e+01
5.485640172526963454e+01 4.254636740684509277e+01
5.054863071699684696e+01 4.261197996139526367e+01
5.353726435499345371e+01 4.267932653427124023e+01
4.692023870963190291e+01 4.274672341346740723e+01
6.151133272227314563e+01 4.281175208091735840e+01
5.065483692015502726e+01 4.287722706794738770e+01
6.464090846238408972e+01 4.294811987876892090e+01
6.439940424356755955e+01 4.301214385032653809e+01
6.604380642146412583e+01 4.307985854148864746e+01
8.489927358927053547e+01 4.314437294006347656e+01
6.959614580485582280e+01 4.321021819114685059e+01
7.332948611004913175e+01 4.327975392341613770e+01
8.872192640391679674e+01 4.334643507003784180e+01
1.004063084429594994e+02 4.341098022460937500e+01
8.811763215982249164e+01 4.347811865806579590e+01
8.790448154826117388e+01 4.354445147514343262e+01
8.728261722439121684e+01 4.361223220825195312e+01
8.973581427296245749e+01 4.367815995216369629e+01
6.947263331112625906e+01 4.374412226676940918e+01
8.451032494005445983e+01 4.381412649154663086e+01
7.959788728084184584e+01 4.387818622589111328e+01
5.676376551770150769e+01 4.394410252571105957e+01
6.671829415635167493e+01 4.401043224334716797e+01
5.464003864886029049e+01 4.407641959190368652e+01
5.520567527323969870e+01 4.414419627189636230e+01
4.878649579568847372e+01 4.421217870712280273e+01
3.685124007731319296e+01 4.427864837646484375e+01
3.060150880623367442e+01 4.434400463104248047e+01
4.417676446735081441e+01 4.441191363334655762e+01
4.207852674769605983e+01 4.447913146018981934e+01
5.505418177241794098e+01 4.454462242126464844e+01
5.425484378366522975e+01 4.461107826232910156e+01
7.320387739501049396e+01 4.467938065528869629e+01
6.399486745884878758e+01 4.474567723274230957e+01
8.833533139624010744e+01 4.481168651580810547e+01
9.954587835105171223e+01 4.487678956985473633e+01
8.200378940004800654e+01 4.494577240943908691e+01
1.069000656472289279e+02 4.501322889328002930e+01
9.978450284056283692e+01 4.507817625999450684e+01
9.647378659369942966e+01 4.514373350143432617e+01
7.714754128302409697e+01 4.521473026275634766e+01
1.151937999071002281e+02 4.527852249145507812e+01
9.351339948536393365e+01 4.534444260597229004e+01
1.048275587985923920e+02 4.541256809234619141e+01
9.380105688336813330e+01 4.548083090782165527e+01
1.100085979828508727e+02 4.554610443115234375e+01
1.106668901565457759e+02 4.561063528060913086e+01
1.077448351595401306e+02 4.567820334434509277e+01
1.060290824582956901e+02 4.574555683135986328e+01
1.143398442147656198e+02 4.581767702102661133e+01
1.314859628381662446e+02 4.587899351119995117e+01
9.263526126900306679e+01 4.594465708732604980e+01
1.176447091989215039e+02 4.601318764686584473e+01
1.072108645840751109e+02 4.607979869842529297e+01
1.110256291342981143e+02 4.614598584175109863e+01
1.374242454407743139e+02 4.621187949180603027e+01
1.078530797947453976e+02 4.628001356124877930e+01
1.115372455538466738e+02 4.634528422355651855e+01
1.294859717550063749e+02 4.641126823425292969e+01
1.256289099714650774e+02 4.647927808761596680e+01
1.204754955246636001e+02 4.654671120643615723e+01
1.338392054527383834e+02 4.661353969573974609e+01
1.206053167561384072e+02 4.668038797378540039e+01
1.364345374142974094e+02 4.674594521522521973e+01
1.171941787626786891e+02 4.681473922729492188e+01
1.335513513157117700e+02 4.687915134429931641e+01
1.301901474597871697e+02 4.694522643089294434e+01
1.275899078700858098e+02 4.701264810562133789e+01
1.211471192024596917e+02 4.707970738410949707e+01
1.649823607877083873e+02 4.714626622200012207e+01
1.188795274246137268e+02 4.721196508407592773e+01
1.396287931278059204e+02 4.727952980995178223e+01
1.250851405292832936e+02 4.734736585617065430e+01
1.611017811446473900e+02 4.741364121437072754e+01
1.200255063813211507e+02 4.747871279716491699e+01
1.480166805478775132e+02 4.754559373855590820e+01
1.794775318609353008e+02 4.761291718482971191e+01
1.552864777117294182e+02 4.768167448043823242e+01
1.912306445786047391e+02 4.774571990966796875e+01
1.544828338892164084e+02 4.781453108787536621e+01
1.716259290689814065e+02 4.788121986389160156e+01
1.758067453944060219e+02 4.794607377052307129e+01
1.790025838872415136e+02 4.801146221160888672e+01
1.674102900719391869e+02 4.807956886291503906e+01
1.602492817681091140e+02 4.814706778526306152e+01
1.975901775839223262e+02 4.821305489540100098e+01
1.552040935940694624e+02 4.827970314025878906e+01
1.670957508559547762e+02 4.834443640708923340e+01
1.703669653547874248e+02 4.841161799430847168e+01
1.604731759456526561e+02 4.847902274131774902e+01
1.490513148542999318e+02 4.854611372947692871e+01
1.686942710777231866e+02 4.861396145820617676e+01
1.681803661024017629e+02 4.868175625801086426e+01
1.635213674913856607e+02 4.874676394462585449e+01
1.414566213017715484e+02 4.881193971633911133e+01
1.367188947652431921e+02 4.887937402725219727e+01
1.374385471778097951e+02 4.894645524024963379e+01
1.335801116302736204e+02 4.901547408103942871e+01
1.432975938759755650e+02 4.907981252670288086e+01
1.266195778339086075e+02 4.914820837974548340e+01
1.531567204782057843e+02 4.921350097656250000e+01
1.212544415816050503e+02 4.928103923797607422e+01
1.484651926693212260e+02 4.934737706184387207e+01
1.222857636006335582e+02 4.941330671310424805e+01
1.306887696101008771e+02 4.948174619674682617e+01
1.487034408539547314e+02 4.954554319381713867e+01
1.070473152007659507e+02 4.961262321472167969e+01
1.205506587196372834e+02 4.967898535728454590e+01
1.180216387083610101e+02 4.974729704856872559e+01
1.361610589528659148e+02 4.981380200386047363e+01
1.228923838973106797e+02 4.987940621376037598e+01
1.251759516043737932e+02 4.994528317451477051e+01
1.535505327332639638e+02 5.001358699798583984e+01
1.422609116755140235e+02 5.008027315139770508e+01
1.835290755986232227e+02 5.014678335189819336e+01
1.487979720675991757e+02 5.021432375907897949e+01
1.560405367153701093e+02 5.027967882156372070e+01
1.898325294903647205e+02 5.034693360328674316e+01
2.057499573006690525e+02 5.041304039955139160e+01
1.905976530677689880e+02 5.048043489456176758e+01
2.227495476824111620e+02 5.054732465744018555e+01
2.007041158008300101e+02 5.061527633666992188e+01
1.951656651725465679e+02 5.068089365959167480e+01
2.205527591538646277e+02 5.074644184112548828e+01
1.947537435376604833e+02 5.081646966934204102e+01
2.252251741269978140e+02 5.088217568397521973e+01
2.134644913293010404e+02 5.094742488861083984e+01
1.895948350916441427e+02 5.101372313499450684e+01
1.968696192708055719e+02 5.107995176315307617e+01
1.990875864573923195e+02 5.114752817153930664e+01
1.626826246657938100e+02 5.121373271942138672e+01
1.493122290328858242e+02 5.128003334999084473e+01
1.586439962719953769e+02 5.134792327880859375e+01
1.455058248450320662e+02 5.141561031341552734e+01
1.583541611463328138e+02 5.148001050949096680e+01
1.008872615060448510e+02 5.154650259017944336e+01
4.370796773722931761e+01 5.161513996124267578e+01
3.387272867972377810e+01 5.168115377426147461e+01
2.106100177714083799e+01 5.174830222129821777e+01
3.197184487257035457e+01 5.181824088096618652e+01
4.795097785162263904e+01 5.188080477714538574e+01
6.277791724004855922e+01 5.194648241996765137e+01
7.857320555626179726e+01 5.201261377334594727e+01
1.132620851507250705e+02 5.208043122291564941e+01
1.345760292224365458e+02 5.214934110641479492e+01
1.228093663112456966e+02 5.221549272537231445e+01
1.268642114649519357e+02 5.228049302101135254e+01
1.608913972081892325e+02 5.234656333923339844e+01
1.342081409833545536e+02 5.241403603553771973e+01
1.380768074564913945e+02 5.248001694679260254e+01
1.996743231501267530e+02 5.254664611816406250e+01
1.499730494263929188e+02 5.261497139930725098e+01
1.837180859751408661e+02 5.268141317367553711e+01
2.141433635494294947e+02 5.274827408790588379e+01
2.017445689062290626e+02 5.281347012519836426e+01
2.108965878547011243e+02 5.288152575492858887e+01
2.322854637185041327e+02 5.294849658012390137e+01
2.033135137276194655e+02 5.301411771774291992e+01
2.322656187408263690e+02 5.308109426498413086e+01
2.059716335524687452e+02 5.315043807029724121e+01
1.938580245650078098e+02 5.321403527259826660e+01
2.185061828182664669e+02 5.328082752227783203e+01
2.143312124409633554e+02 5.334892082214355469e+01
1.734279975265465055e+02 5.341466426849365234e+01
1.875666891725580570e+02 5.348082566261291504e+01
2.039101627569925483e+02 5.354698586463928223e+01
1.890965821100744790e+02 5.361324810981750488e+01
1.853963138605371910e+02 5.368083286285400391e+01
1.954362083267055539e+02 5.374986171722412109e+01
1.927126661986232250e+02 5.381488060951232910e+01
1.735979856721179999e+02 5.388156247138977051e+01
2.299661710824298950e+02 5.394793891906738281e+01
2.049943662481803699e+02 5.401428937911987305e+01
2.129359120580500075e+02 5.408103561401367188e+01
2.380296266367671478e+02 5.414942550659179688e+01
2.144950878648071182e+02 5.421568655967712402e+01
2.163409101037342452e+02 5.428154468536376953e+01
2.314613126456019643e+02 5.434889268875122070e+01
2.264846704878331423e+02 5.441408395767211914e+01
2.065000560895750255e+02 5.448205327987670898e+01
2.496458484719237561e+02 5.455026745796203613e+01
2.060141110818193226e+02 5.461502838134765625e+01
2.260692317105958864e+02 5.468003916740417480e+01
2.051299322174290296e+02 5.475185179710388184e+01
2.345243662858231914e+02 5.481623601913452148e+01
1.929107558042892947e+02 5.488262033462524414e+01
2.070128185892013448e+02 5.494760966300964355e+01
1.845037980617233586e+02 5.501701879501342773e+01
2.043307363953080369e+02 5.508286118507385254e+01
1.532947348343911642e+02 5.514874410629272461e+01
1.608269779711293666e+02 5.521484088897705078e+01
1.259891307942522474e+02 5.528311920166015625e+01
1.616977079591950144e+02 5.535001349449157715e+01
1.166111750096632420e+02 5.541418671607971191e+01
1.274128183745553571e+02 5.548215675354003906e+01
1.109121312579466974e+02 5.555022716522216797e+01
9.555097992301644183e+01 5.561474156379699707e+01
8.716386129058400911e+01 5.568163800239562988e+01
9.752192833191629973e+01 5.575042462348937988e+01
1.009705322901113078e+02 5.581686186790466309e+01
8.987707259394410642e+01 5.588454055786132812e+01
1.173303967216045294e+02 5.594888734817504883e+01
1.356334640288263529e+02 5.601483178138732910e+01
1.462734704126328609e+02 5.608319687843322754e+01
1.807545562701479582e+02 5.615072798728942871e+01
1.645982784860293009e+02 5.621559548377990723e+01
1.618587316739179300e+02 5.628156089782714844e+01
2.071708281689940350e+02 5.634879231452941895e+01
2.010631097052521454e+02 5.641734814643859863e+01
2.564387365076672154e+02 5.648271679878234863e+01
2.238155816435432257e+02 5.654973626136779785e+01
2.346718405744233280e+02 5.661657166481018066e+01
2.662923363293103876e+02 5.668311524391174316e+01
2.407531334489231369e+02 5.674892115592956543e+01
2.664231118334994335e+02 5.681543207168579102e+01
2.830148411797899257e+02 5.688403797149658203e+01
2.541999499107338636e+02 5.695206165313720703e+01
3.182620039336250670e+02 5.701537251472473145e+01
2.618149981818035030e+02 5.708305406570434570e+01
2.644408152395942011e+02 5.714909625053405762e+01
2.498986482414057377e+02 5.721770977973937988e+01
2.946508457466559321e+02 5.728254914283752441e+01
2.353271135469316846e+02 5.734973812103271484e+01
2.421543794211355873e+02 5.741746854782104492e+01
2.848088965500610357e+02 5.748240065574645996e+01
2.347804357117842642e+02 5.754797172546386719e+01
2.251681231189292305e+02 5.761632204055786133e+01
2.484774740123325500e+02 5.768293952941894531e+01
2.117930475774112722e+02 5.775119876861572266e+01
2.220046407087179716e+02 5.781631827354431152e+01
2.321194049495669844e+02 5.788165426254272461e+01
1.498334315349922576e+02 5.795069146156311035e+01
1.374203534511204339e+02 5.801698756217956543e+01
1.693346004349325540e+02 5.808327627182006836e+01
1.531621345834695944e+02 5.815017890930175781e+01
1.548689511690586471e+02 5.821728277206420898e+01
1.706904400335364755e+02 5.828433704376220703e+01
1.703836770869878308e+02 5.834889721870422363e+01
1.921050812867801199e+02 5.841636800765991211e+01
2.434051832264669883e+02 5.848387551307678223e+01
2.250612970478371437e+02 5.855111384391784668e+01
2.238012432683624411e+02 5.861617255210876465e+01
2.312540596217671975e+02 5.868232083320617676e+01
2.124151717613840447e+02 5.875183010101318359e+01
2.410591007079872270e+02 5.881742143630981445e+01
2.223935632898894426e+02 5.888381195068359375e+01
2.011743096341389787e+02 5.895068740844726562e+01
2.193702624326689659e+02 5.901611423492431641e+01
2.288752437273861631e+02 5.908280706405639648e+01
2.110290469779432669e+02 5.914897918701171875e+01
1.946268593581918651e+02 5.921597099304199219e+01
2.140129963225264760e+02 5.928729534149169922e+01
2.109900287140401929e+02 5.935070633888244629e+01
1.856661760535491226e+02 5.941645097732543945e+01
2.109890835902937170e+02 5.948347878456115723e+01
1.839687376438357660e+02 5.955049467086791992e+01
2.037424542530503402e+02 5.961725282669067383e+01
2.389421967490209227e+02 5.968289375305175781e+01
1.935276174043310675e+02 5.975241160392761230e+01
2.537629106178478651e+02 5.981787919998168945e+01
2.178328242501598311e+02 5.988440442085266113e+01
2.073887406279281720e+02 5.994998884201049805e+01
2.199181286968635050e+02 6.001650786399841309e+01
2.347581379486229878e+02 6.008439636230468750e+01
2.307415668710704040e+02 6.015111517906188965e+01
2.487295484916530199e+02 6.021754360198974609e+01
2.587224292562935943e+02 6.028381705284118652e+01
2.122304335800766637e+02 6.035095071792602539e+01
1.884663340140299397e+02 6.041806674003601074e+01
2.124877721215209760e+02 6.048544859886169434e+01
2.014413382871250633e+02 6.055036425590515137e+01
1.806524216024878911e+02 6.062317228317260742e+01
2.119086723296615844e+02 6.068990921974182129e+01
2.266675213990520490e+02 6.075183105468750000e+01
1.889127632707350131e+02 6.082184624671936035e+01
2.009086912880972875e+02 6.088806605339050293e+01
2.211411843861563113e+02 6.095738697052001953e+01
1.748465008304905268e+02 6.102789926528930664e+01
2.748157340401331226e+02 6.108344316482543945e+01
1.800573435752518208e+02 6.115100789070129395e+01
1.978746623262057085e+02 6.121747899055480957e+01
2.310556800406739626e+02 6.128466701507568359e+01
2.186293350890612430e+02 6.135031557083129883e+01
2.075161085071210323e+02 6.141931176185607910e+01
2.363503666105288517e+02 6.148417186737060547e+01
2.370007574122165579e+02 6.155101966857910156e+01
2.208523830833392196e+02 6.161833190917968750e+01
2.620585760133918711e+02 6.168659353256225586e+01
2.352127789026967264e+02 6.175148940086364746e+01
2.748142558252899335e+02 6.181668424606323242e+01
2.312640624069851754e+02 6.188436651229858398e+01
2.181144414673455287e+02 6.195252370834350586e+01
2.582894839004090954e+02 6.201879525184631348e+01
2.295394502238199550e+02 6.208370637893676758e+01
2.306764480597821887e+02 6.215238690376281738e+01
2.648789875350838656e+02 6.221700978279113770e+01
2.248886125999032970e+02 6.228618335723876953e+01
2.418889096209394438e+02 6.235036230087280273e+01
2.127135667221035078e+02 6.241767263412475586e+01
2.336539756890217063e+02 6.248681545257568359e+01
2.522824762973968973e+02 6.255085277557373047e+01
2.158594230877291977e+02 6.261746168136596680e+01
2.094721047540191989e+02 6.268514347076416016e+01
1.162661552234575595e+02 6.275286746025085449e+01
1.441404434549308746e+02 6.281977200508117676e+01
1.093950188411285041e+02 6.288632082939147949e+01
1.117022815239921556e+02 6.295508527755737305e+01
1.236161179834240471e+02 6.302030539512634277e+01
1.108838334400978738e+02 6.308657717704772949e+01
9.939537032425435825e+01 6.315481305122375488e+01
1.233057713664476012e+02 6.322069835662841797e+01
1.155727519546143327e+02 6.328715991973876953e+01
1.332701739598940662e+02 6.335263514518737793e+01
1.269755236420354265e+02 6.341757845878601074e+01
1.133230400038983987e+02 6.348535943031311035e+01
1.185261534419701661e+02 6.355493235588073730e+01
1.330561148837084318e+02 6.361870455741882324e+01
1.088641036106236015e+02 6.368620586395263672e+01
1.289024937036871847e+02 6.375203299522399902e+01
1.449484442465210350e+02 6.381892132759094238e+01
1.272900196007688578e+02 6.388370418548583984e+01
1.170316006316784296e+02 6.395412254333496094e+01
1.622249340634628538e+02 6.401964974403381348e+01
1.359075725554719440e+02 6.408587121963500977e+01
1.335512987956439304e+02 6.415157604217529297e+01
1.632641594147577848e+02 6.421782851219177246e+01
1.270039061317183950e+02 6.428869247436523438e+01
1.513689248739043762e+02 6.435798072814941406e+01
1.323994029752675488e+02 6.442071986198425293e+01
1.271830545117968398e+02 6.448971462249755859e+01
1.426154761536514002e+02 6.455397939682006836e+01
1.303180490158016482e+02 6.461998963356018066e+01
1.288037239216272951e+02 6.468448019027709961e+01
8.796924600840152664e+01 6.475173187255859375e+01
7.175165780492959300e+01 6.482000875473022461e+01
3.648468412476945133e+01 6.488714623451232910e+01
5.638423097420900376e+01 6.495350623130798340e+01
4.882481461537707901e+01 6.501827406883239746e+01
5.239811836917849064e+01 6.508708477020263672e+01
5.769087432994702169e+01 6.515194177627563477e+01
7.328217627483178376e+01 6.521879267692565918e+01
9.407047269325748573e+01 6.528685998916625977e+01
1.091182416327138043e+02 6.535357761383056641e+01
1.202652172162078159e+02 6.541851949691772461e+01
8.891968042089254709e+01 6.548505234718322754e+01
1.050435286853958985e+02 6.555817580223083496e+01
1.311927262030501993e+02 6.562010025978088379e+01
1.141714137506809408e+02 6.569125676155090332e+01
1.511918650035240432e+02 6.575259351730346680e+01
1.227146242182058273e+02 6.581979179382324219e+01
1.073353394163718946e+02 6.588632559776306152e+01
8.409956784011475861e+01 6.595463228225708008e+01
1.123965308465860460e+02 6.602001214027404785e+01
8.860755564727381284e+01 6.608677935600280762e+01
1.024871518962641375e+02 6.615295672416687012e+01
1.096409121330299286e+02 6.621935629844665527e+01
8.136651209391878581e+01 6.628554034233093262e+01
4.762890234796724798e+01 6.635193443298339844e+01
2.489786083579306464e+01 6.642150068283081055e+01
3.458087718205418071e+01 6.648616266250610352e+01
4.524062948301711629e+01 6.655247473716735840e+01
5.707030322768807906e+01 6.661803698539733887e+01
5.388839743832256346e+01 6.668747043609619141e+01
8.703287454125637623e+01 6.675347495079040527e+01
1.219484010570715498e+02 6.681958699226379395e+01
1.424706081971765173e+02 6.688727569580078125e+01
1.405730761126103516e+02 6.695769810676574707e+01
2.017129822816853562e+02 6.702060222625732422e+01
1.756795160911140385e+02 6.708525300025939941e+01
1.941699223820640725e+02 6.715396428108215332e+01
2.328408361999793499e+02 6.722008156776428223e+01
2.281465525118291851e+02 6.729034876823425293e+01
2.787150926667995918e+02 6.735311126708984375e+01
2.720061310046623362e+02 6.741897916793823242e+01
2.606180640096068259e+02 6.748772525787353516e+01
3.074761108730061210e+02 6.755325698852539062e+01
2.883396565955575284e+02 6.762059593200683594e+01
2.959672795521504440e+02 6.768619942665100098e+01
2.753975429320844910e+02 6.775305533409118652e+01
3.113326181484273434e+02 6.781935024261474609e+01
2.712866498703356228e+02 6.788751888275146484e+01
3.191642050642818731e+02 6.795331573486328125e+01
3.505770988140715758e+02 6.802129721641540527e+01
3.426427002573656750e+02 6.808791303634643555e+01
3.973444295216549449e+02 6.815266633033752441e+01
3.334242402477249811e+02 6.822112393379211426e+01
3.358967214312273200e+02 6.828702497482299805e+01
3.134378711988417763e+02 6.835279726982116699e+01
3.406618156306628293e+02 6.842012119293212891e+01
2.901318848082481736e+02 6.848783826828002930e+01
3.256011315531476384e+02 6.855320596694946289e+01
2.809869708787688296e+02 6.862026047706604004e+01
2.814533039091351156e+02 6.868596673011779785e+01
2.795791174520517757e+02 6.875467491149902344e+01
3.038712434501345570e+02 6.882291579246520996e+01
2.767682987838758777e+02 6.888775110244750977e+01
3.196035416387285295e+02 6.895338296890258789e+01
2.576152356540778214e+02 6.902303862571716309e+01
3.258728774383266682e+02 6.908740782737731934e+01
2.766253902936174427e+02 6.915360307693481445e+01
2.701142440670394649e+02 6.922034430503845215e+01
2.817446315835500172e+02 6.928852438926696777e+01
2.979190270299835106e+02 6.935447144508361816e+01
2.677855799737129132e+02 6.942011499404907227e+01
2.727842719131383546e+02 6.948620295524597168e+01
2.205503189147911769e+02 6.955556154251098633e+01
2.690342621249862418e+02 6.962153172492980957e+01
2.290657653382689887e+02 6.968657708168029785e+01
2.307384355722052192e+02 6.975287318229675293e+01
2.448566675413988207e+02 6.982096743583679199e+01
1.921014094701670274e+02 6.988903927803039551e+01
2.352966303358437017e+02 6.995391201972961426e+01
1.767772459748038330e+02 7.002319383621215820e+01
1.815075373393781604e+02 7.008767986297607422e+01
1.983998383689470302e+02 7.015397500991821289e+01
1.627453984916788272e+02 7.022156524658203125e+01
1.551519135108057981e+02 7.028729462623596191e+01
1.477869808709937729e+02 7.035427951812744141e+01
1.347860276734474780e+02 7.042268085479736328e+01
1.586020234965197346e+02 7.048790121078491211e+01
1.621271084414578922e+02 7.055375742912292480e+01
1.443521010452682845e+02 7.062193131446838379e+01
1.345994303316863920e+02 7.068712449073791504e+01
1.808394748258970992e+02 7.075552392005920410e+01
1.938247608575365177e+02 7.082159519195556641e+01
2.022324945391830227e+02 7.088957500457763672e+01
2.290601113328528129e+02 7.095535039901733398e+01
2.066218183262449486e+02 7.102327966690063477e+01
2.190689803102005726e+02 7.108799648284912109e+01
1.893309991267314842e+02 7.115746712684631348e+01
1.844517863054033739e+02 7.122207140922546387e+01
1.755405397146780047e+02 7.128776884078979492e+01
1.901459729292093357e+02 7.135387492179870605e+01
1.516236482328953059e+02 7.142273163795471191e+01
1.722681742130216378e+02 7.148992824554443359e+01
1.780687408759587242e+02 7.155493593215942383e+01
1.513536087673935810e+02 7.162166380882263184e+01
1.576231173985335658e+02 7.168910408020019531e+01
1.621358552355566474e+02 7.175466728210449219e+01
1.497903788622740251e+02 7.182109260559082031e+01
1.276125243394355806e+02 7.188804531097412109e+01
1.631356397502649713e+02 7.195685291290283203e+01
1.506819956787831529e+02 7.202354884147644043e+01
1.553667179632367379e+02 7.208823370933532715e+01
1.839469058417231793e+02 7.215591573715209961e+01
1.595339262369933522e+02 7.222254824638366699e+01
1.568625411666969569e+02 7.228818297386169434e+01
1.773364027083752887e+02 7.235445094108581543e+01
1.441951526472203966e+02 7.242240023612976074e+01
1.441794917033306831e+02 7.248928666114807129e+01
2.725843250964459230e+02 7.253361439704895020e+01
6.533820638352899834e+01 7.263280200958251953e+01
2.547205917899398742e+02 7.268846082687377930e+01
8.915129699775755512e+01 7.275482082366943359e+01
1.033669016117561767e+02 7.282254076004028320e+01
1.250884319822951909e+02 7.288894677162170410e+01
1.604575177956862717e+02 7.295401263236999512e+01
1.605964922491441484e+02 7.302500891685485840e+01
1.761091166528373719e+02 7.309073996543884277e+01
2.296311052294731780e+02 7.315635180473327637e+01
2.811393571729187784e+02 7.322184228897094727e+01
3.260509753404712683e+02 7.328790760040283203e+01
3.832560162548433027e+02 7.335579752922058105e+01
3.361704855769036158e+02 7.342277741432189941e+01
3.638993579156347096e+02 7.348975229263305664e+01
3.255418378084634128e+02 7.355885076522827148e+01
3.224927663950231818e+02 7.362307643890380859e+01
2.420224139706590734e+02 7.368775010108947754e+01
2.758614613592791898e+02 7.375568628311157227e+01
2.650130200335210020e+02 7.382297563552856445e+01
2.610459780263949483e+02 7.389128756523132324e+01
3.251579360155708969e+02 7.395498681068420410e+01
2.725426612501029240e+02 7.402411890029907227e+01
3.196170418134777265e+02 7.408982253074645996e+01
2.887861785730693782e+02 7.415451240539550781e+01
2.722068754331975811e+02 7.422084236145019531e+01
2.764067611093947789e+02 7.428842949867248535e+01
3.238031864765537762e+02 7.435755491256713867e+01
2.859123656340671573e+02 7.442354702949523926e+01
3.549378399085307478e+02 7.448840832710266113e+01
3.038281921316655598e+02 7.455505275726318359e+01
2.872353678557727221e+02 7.462300825119018555e+01
3.007875669002690984e+02 7.468974924087524414e+01
3.363040931733106049e+02 7.475690031051635742e+01
3.021702704017477572e+02 7.482258987426757812e+01
3.025554826593260600e+02 7.489024519920349121e+01
3.362262179729045215e+02 7.495694375038146973e+01
2.886313952572011772e+02 7.502163839340209961e+01
2.036617726425532737e+02 7.509013271331787109e+01
2.136881601634726167e+02 7.515729928016662598e+01
1.391983218097831809e+02 7.522353243827819824e+01
1.847724875656790857e+02 7.528981637954711914e+01
1.445130905050949366e+02 7.535509753227233887e+01
1.581191405790751503e+02 7.542350578308105469e+01
1.436377592927183002e+02 7.549100446701049805e+01
1.698348337725963404e+02 7.555630636215209961e+01
1.716947694884669886e+02 7.562322235107421875e+01
2.360212589474532194e+02 7.568994522094726562e+01
1.924323932196139992e+02 7.575689911842346191e+01
1.956212777539464014e+02 7.582236361503601074e+01
2.116636498639705906e+02 7.588967704772949219e+01
1.965160573731107263e+02 7.595907688140869141e+01
2.224835121736926453e+02 7.602694559097290039e+01
2.139669673989750436e+02 7.608929944038391113e+01
2.087551786914302738e+02 7.615515518188476562e+01
2.125221848359506680e+02 7.622203135490417480e+01
1.966442958983447227e+02 7.629101204872131348e+01
2.385246110389664125e+02 7.635676789283752441e+01
1.991396419022779014e+02 7.642281675338745117e+01
2.408856904382587913e+02 7.649001216888427734e+01
1.964045176435652706e+02 7.655851173400878906e+01
2.078876827250502117e+02 7.662304854393005371e+01
1.986952903280098610e+02 7.669057106971740723e+01
2.243337150100448412e+02 7.675861406326293945e+01
2.246165785214052164e+02 7.682419657707214355e+01
2.406194553309865967e+02 7.688964438438415527e+01
2.221522337986179707e+02 7.695776319503784180e+01
2.174243612620074089e+02 7.702457189559936523e+01
2.353817655801672117e+02 7.709214711189270020e+01
2.290634315092975726e+02 7.715835475921630859e+01
2.606100129198768514e+02 7.722313332557678223e+01
2.802587378605191475e+02 7.728988695144653320e+01
2.536501705137642091e+02 7.735737061500549316e+01
2.566781065018141135e+02 7.742405819892883301e+01
2.668565811064843842e+02 7.749056673049926758e+01
2.194444632300790374e+02 7.756027483940124512e+01
2.558527556710514261e+02 7.762425971031188965e+01
2.192859442381767110e+02 7.769034409523010254e+01
2.127012771003340958e+02 7.775582742691040039e+01
1.957530475742921396e+02 7.782531023025512695e+01
2.294193987538314445e+02 7.789112710952758789e+01
1.991671380806197931e+02 7.795811438560485840e+01
2.096964677492945555e+02 7.802315211296081543e+01
2.188423724881779719e+02 7.809123611450195312e+01
2.045853586849731869e+02 7.815789866447448730e+01
2.030193265254848711e+02 7.822379922866821289e+01
2.038954673763473409e+02 7.828996419906616211e+01
1.710923564044308023e+02 7.835837578773498535e+01
1.578614510463440297e+02 7.842451167106628418e+01
1.705816347883683193e+02 7.849005413055419922e+01
1.356706704332262348e+02 7.855639123916625977e+01
1.358376854294045870e+02 7.862623071670532227e+01
1.174529903002151627e+02 7.869107174873352051e+01
8.714069975197661222e+01 7.875896286964416504e+01
2.497176738509022584e+02 7.882340955734252930e+01
2.670544350422771345e+02 7.889288139343261719e+01
3.235216935365323252e+02 7.895815896987915039e+01
3.043346020602511430e+02 7.902395820617675781e+01
3.207568848113293711e+02 7.909261679649353027e+01
2.363329909332484533e+02 7.916044998168945312e+01
2.043429446080498906e+02 7.922500276565551758e+01
1.607423248692611821e+02 7.929113435745239258e+01
1.550382094437635772e+02 7.935878276824951172e+01
1.590477844827253477e+02 7.942472577095031738e+01
1.837780974108330270e+02 7.949114584922790527e+01
1.847616512210043993e+02 7.955831170082092285e+01
2.153840547994518317e+02 7.962516140937805176e+01
2.133071017300165124e+02 7.969112849235534668e+01
1.978555012841157748e+02 7.975760602951049805e+01
1.966086943174710484e+02 7.982469820976257324e+01
2.236291116728245356e+02 7.989207100868225098e+01
1.959700966428685547e+02 7.995938181877136230e+01
2.205973298194697634e+02 8.002349019050598145e+01
1.969916100819913822e+02 8.009045195579528809e+01
1.822051419628896554e+02 8.015744543075561523e+01
1.825124221541979352e+02 8.022410130500793457e+01
2.058539917513126056e+02 8.029280114173889160e+01
2.003852276060766542e+02 8.035843944549560547e+01
2.153238192582830948e+02 8.042509579658508301e+01
2.013359847118940991e+02 8.049154734611511230e+01
2.038156918389032057e+02 8.055719041824340820e+01
1.882066234478454021e+02 8.062460875511169434e+01
2.913145050894190149e+02 8.067129874229431152e+01
6.567741167701707639e+01 8.074742841720581055e+01
8.423496440888317238e+01 8.081245160102844238e+01
1.138929331429966680e+02 8.087931942939758301e+01
1.737199386757018260e+02 8.093969297409057617e+01
8.474877763337511283e+01 8.103555321693420410e+01
3.775343801909874060e+02 8.106468963623046875e+01
2.094906300143017219e+01 8.117235708236694336e+01
4.563573528993924100e+01 8.120334625244140625e+01
1.016039863471968907e+01 8.130176758766174316e+01
8.937247765850000292e+01 8.135771322250366211e+01
4.609994626295952713e+01 8.142630934715270996e+01
3.576405608023996052e+01 8.149479961395263672e+01
1.169568489658205550e+02 8.155935192108154297e+01
2.584669425273565366e+02 8.162478208541870117e+01
2.768270699419517200e+02 8.169360685348510742e+01
3.174975435525042258e+02 8.175929760932922363e+01
3.414021603788188486e+02 8.182518601417541504e+01
3.041315727574424272e+02 8.189336848258972168e+01
2.795806269955695029e+02 8.195970797538757324e+01
2.989234189059470168e+02 8.202602672576904297e+01
4.266619379583805767e+02 8.206930732727050781e+01
1.596517482928445020e+02 8.214099788665771484e+01
2.989418766259220774e+02 8.220790052413940430e+01
2.818410040225022613e+02 8.227332425117492676e+01
1.947585541354237648e+02 8.234027075767517090e+01
1.377369373576974851e+02 8.240561270713806152e+01
1.398504216441715471e+02 8.247344827651977539e+01
1.297820340522078197e+02 8.254613924026489258e+01
1.293485751946788866e+02 8.260652065277099609e+01
9.554602364244945534e+01 8.267353677749633789e+01
5.387158737699874678e+01 8.274046540260314941e+01
2.738886893606462181e+01 8.281348776817321777e+01
3.761218533610561110e+01 8.287293839454650879e+01
1.478695147876424798e+01 8.294056558609008789e+01
3.000185262676008335e+01 8.300722813606262207e+01
2.942978830892723252e+01 8.307518649101257324e+01
1.531058449048724590e+01 8.314050078392028809e+01
0.000000000000000000e+00 8.321357560157775879e+01
1.500495120345725653e+01 8.328022027015686035e+01
0.000000000000000000e+00 8.334779453277587891e+01
0.000000000000000000e+00 8.341354298591613770e+01
1.485566539277530040e+01 8.348085737228393555e+01
0.000000000000000000e+00 8.354715156555175781e+01
0.000000000000000000e+00 8.361446595191955566e+01
0.000000000000000000e+00 8.368000316619873047e+01
1.327664315830790542e+01 8.375532341003417969e+01
0.000000000000000000e+00 8.382218289375305176e+01
0.000000000000000000e+00 8.390971398353576660e+01
3.321957864723586340e+01 8.393981671333312988e+01
0.000000000000000000e+00 8.402201700210571289e+01
0.000000000000000000e+00 8.408766937255859375e+01
0.000000000000000000e+00 8.417913722991943359e+01
0.000000000000000000e+00 8.422719287872314453e+01
0.000000000000000000e+00 8.429481935501098633e+01
4.748895891910252232e+01 8.435799193382263184e+01
4.363793749219692586e+01 8.442673945426940918e+01
7.461554609141788319e+01 8.449374961853027344e+01
9.013966982703348663e+01 8.456031298637390137e+01
1.227866272189265686e+02 8.462597370147705078e+01
1.225746843140200042e+02 8.469374155998229980e+01
1.912535811958888132e+02 8.476008582115173340e+01
2.816965757930749987e+02 8.482573533058166504e+01
2.759786341334964277e+02 8.489274501800537109e+01
2.839409521021040632e+02 8.496039772033691406e+01
3.020283704823964399e+02 8.502800917625427246e+01
2.591135373428134585e+02 8.509406995773315430e+01
2.281736910249482264e+02 8.515980935096740723e+01
2.137436757412874044e+02 8.522792935371398926e+01
1.895773126042861350e+02 8.529417681694030762e+01
2.066456119545659362e+02 8.535910153388977051e+01
2.006006517265736306e+02 8.542708826065063477e+01
1.697441710209287464e+02 8.549604320526123047e+01
1.863617805843541646e+02 8.556087970733642578e+01
1.589189172862038788e+02 8.562535881996154785e+01
1.362303356663728380e+02 8.569323706626892090e+01
1.478073147924289970e+02 8.576156592369079590e+01
1.383082007186134774e+02 8.582743644714355469e+01
1.374272726063443315e+02 8.589372920989990234e+01
1.228997272438404593e+02 8.595983219146728516e+01
1.406194415513633089e+02 8.602729678153991699e+01
1.200700320007534287e+02 8.609287524223327637e+01
1.203100259042956424e+02 8.616040110588073730e+01
1.166212886118833154e+02 8.622791886329650879e+01
1.424322434372488431e+02 8.627341938018798828e+01
5.203610204851647580e+01 8.637140941619873047e+01
1.776822170564097405e+02 8.642712402343750000e+01
9.008930240990230232e+01 8.649279308319091797e+01
1.659311505512148699e+02 8.653829288482666016e+01
4.235293581116428641e+01 8.663846635818481445e+01
1.288320269226663015e+02 8.669497489929199219e+01
2.157031176116935711e+01 8.676053786277770996e+01
1.363868589468827679e+02 8.680691003799438477e+01
6.584140661888672241e+01 8.690296745300292969e+01
2.446377339302348730e+02 8.696135115623474121e+01
1.081244521329179804e+02 8.702868199348449707e+01
1.743253088840879457e+02 8.707274413108825684e+01
3.032633514654738249e+01 8.717166805267333984e+01
2.123920282036591232e+02 8.722894668579101562e+01
1.714297258997384574e+02 8.729442524909973145e+01
2.556517599473717439e+02 8.735999512672424316e+01
2.232121520214684267e+02 8.742838001251220703e+01
2.179462416797422577e+02 8.749471211433410645e+01
1.921873853355579911e+02 8.756134629249572754e+01
1.687640313000321441e+02 8.762785911560058594e+01
1.466932865102339463e+02 8.769395184516906738e+01
1.734348966937336627e+02 8.776069641113281250e+01
1.558299423421508152e+02 8.782891273498535156e+01
1.531789299857045137e+02 8.789738225936889648e+01
1.787853274258949341e+02 8.795941495895385742e+01
1.632397415648027845e+02 8.802707839012145996e+01
1.604274659107148864e+02 8.809592795372009277e+01
1.897410107577401561e+02 8.816133117675781250e+01
1.593745983207234644e+02 8.823148250579833984e+01
1.918663751286490253e+02 8.829445886611938477e+01
1.341583768488916064e+02 8.836236691474914551e+01
1.700838466186915525e+02 8.842757320404052734e+01
1.535809466978824389e+02 8.849497294425964355e+01
1.665532713261253832e+02 8.856236863136291504e+01
1.360064961431156121e+02 8.862894916534423828e+01
1.405261784066305779e+02 8.869455647468566895e+01
1.516196014152170051e+02 8.876116728782653809e+01
1.383572776120878132e+02 8.882701444625854492e+01
1.146939451239162366e+02 8.889730811119079590e+01
1.583497960167101155e+02 8.896201896667480469e+01
6.191446327292624119e+01 8.909323287010192871e+01
3.060364264954740747e+02 8.914235544204711914e+01
1.277820054686964966e+02 8.918995809555053711e+01
1.303230637026666443e+02 8.923663258552551270e+01
8.704947755240539209e+01 8.929520869255065918e+01
1.224837545465463080e+02 8.936103177070617676e+01
1.166504302445068362e+02 8.943014645576477051e+01
1.090892666285797787e+02 8.949596595764160156e+01
1.252487972208597853e+02 8.956082916259765625e+01
1.225693761372059072e+02 8.962810707092285156e+01
1.173210373718288366e+02 8.969682669639587402e+01
1.398366706175410457e+02 8.976158356666564941e+01
1.184014058869527730e+02 8.982967615127563477e+01
1.220374322930459101e+02 8.989724731445312500e+01
1.504850404888077264e+02 8.996369910240173340e+01
1.208163708191415679e+02 9.003094196319580078e+01
1.423838640021230333e+02 9.009454035758972168e+01
1.018972308375544884e+02 9.016393446922302246e+01
1.357828324369467907e+02 9.023062467575073242e+01
1.244914774222381624e+02 9.029588246345520020e+01
1.096877805203977090e+02 9.036225366592407227e+01
1.183563834563098425e+02 9.042824292182922363e+01
1.082030951812552786e+02 9.049424314498901367e+01
1.348831024968932866e+02 9.056299614906311035e+01
1.111233605473121600e+02 9.062788891792297363e+01
1.399245817164900245e+02 9.069517564773559570e+01
1.424692402511506657e+02 9.076176428794860840e+01
1.480742170771729036e+02 9.082861924171447754e+01
1.762027081071840087e+02 9.089528870582580566e+01
1.841094251820723287e+02 9.096269249916076660e+01
1.688319119147786864e+02 9.103048491477966309e+01
1.785316508109826827e+02 9.109410285949707031e+01
1.490188570013293656e+02 9.116286563873291016e+01
2.006384386365104433e+02 9.122954821586608887e+01
1.843193062026379323e+02 9.129577326774597168e+01
2.158317913687235716e+02 9.136227273941040039e+01
1.721996961689354748e+02 9.142873930931091309e+01
1.807947311422606163e+02 9.149715566635131836e+01
2.220300130435941242e+02 9.156100940704345703e+01
1.937099799185197639e+02 9.162910556793212891e+01
1.968885667743537340e+02 9.169552230834960938e+01
2.213905309174134572e+02 9.176387548446655273e+01
1.895476205180800093e+02 9.183326673507690430e+01
2.432487772155356254e+02 9.189628744125366211e+01
1.807603784244148244e+02 9.196313309669494629e+01
1.643395548969880053e+02 9.203006768226623535e+01
1.808481026967780849e+02 9.209688091278076172e+01
1.783747900666328974e+02 9.216438817977905273e+01
1.829036822865874967e+02 9.223022389411926270e+01
1.627751629270569254e+02 9.229808044433593750e+01
1.377736920614716496e+02 9.236410260200500488e+01
1.257177482441802283e+02 9.242823243141174316e+01
9.414565863405702828e+01 9.249624538421630859e+01
1.172738399314700644e+02 9.256499266624450684e+01
9.069183632702817022e+01 9.263296365737915039e+01
9.588620051515050591e+01 9.269725251197814941e+01
6.414429466161725202e+01 9.276153111457824707e+01
2.506355852928681571e+01 9.283063745498657227e+01
1.481615034088099137e+01 9.289813137054443359e+01
1.532860181415508727e+01 9.296336889266967773e+01
2.121952228690914666e+01 9.303001570701599121e+01
2.122453349905973141e+01 9.309664678573608398e+01
1.046290945733422433e+02 9.316490149497985840e+01
1.658438964906707156e+02 9.323391532897949219e+01
2.473834332414380413e+02 9.329971933364868164e+01
2.335230698819235329e+02 9.336452126502990723e+01
2.084386049904497042e+02 9.343236923217773438e+01
2.529907138874671375e+02 9.349659323692321777e+01
2.154749307754672145e+02 9.356304097175598145e+01
1.800497193841893875e+02 9.363060855865478516e+01
2.211691456521706129e+02 9.369651103019714355e+01
1.846908467475003306e+02 9.376370263099670410e+01
1.827710348217175067e+02 9.383048868179321289e+01
2.152865821902873620e+02 9.389634251594543457e+01
1.932513849636744681e+02 9.396400928497314453e+01
1.968588865723375818e+02 9.403043603897094727e+01
2.147648534515116978e+02 9.409644985198974609e+01
1.826203292417027058e+02 9.416805577278137207e+01
2.261230461240584759e+02 9.423512434959411621e+01
1.937708536142392575e+02 9.429875016212463379e+01
1.940937431166528881e+02 9.436247873306274414e+01
1.695547033716469230e+02 9.442941474914550781e+01
1.656910841161862606e+02 9.449822807312011719e+01
1.846149407120890089e+02 9.456522870063781738e+01
1.612100906798519873e+02 9.462999081611633301e+01
1.622120592013018268e+02 9.469808292388916016e+01
2.114598866700513611e+02 9.476462626457214355e+01
2.404195198982509680e+02 9.483052349090576172e+01
2.861823894895241551e+02 9.489561462402343750e+01
2.514604989315685941e+02 9.496414899826049805e+01
2.363083813465946434e+02 9.503159213066101074e+01
2.602329494981908624e+02 9.510097408294677734e+01
2.855974866919721649e+02 9.516331529617309570e+01
2.466216554399142353e+02 9.523092222213745117e+01
3.025531207838690761e+02 9.529817318916320801e+01
2.629901944051529199e+02 9.536682772636413574e+01
3.012315430753992018e+02 9.543355298042297363e+01
2.337965017519475737e+02 9.549785375595092773e+01
1.909591833863212855e+02 9.556430029869079590e+01
1.609848291943283982e+02 9.562944984436035156e+01
1.617924251687001060e+02 9.569715666770935059e+01
1.881837900820624725e+02 9.576520848274230957e+01
1.655740360316794977e+02 9.583136892318725586e+01
2.119420858025746099e+02 9.589776086807250977e+01
1.884158463076679482e+02 9.596510434150695801e+01
2.262687042972931408e+02 9.603050732612609863e+01
2.610503068268725997e+02 9.609663510322570801e+01
2.310807770399885044e+02 9.616492176055908203e+01
2.239805432434172587e+02 9.623084187507629395e+01
2.533832726557311901e+02 9.629764056205749512e+01
2.114068502889018077e+02 9.636369442939758301e+01
2.041990206202596028e+02 9.643048310279846191e+01
2.168331081639967977e+02 9.649966073036193848e+01
2.007074762149175058e+02 9.656687664985656738e+01
2.185193258914934233e+02 9.663413357734680176e+01
1.503470552657548467e+02 9.669758272171020508e+01
6.896956971930953273e+01 9.676402616500854492e+01
3.634117523129761196e+01 9.683142876625061035e+01
5.585584265759142397e+01 9.689841651916503906e+01
5.565360421002130664e+01 9.696564769744873047e+01
6.565956801595157799e+01 9.703131151199340820e+01
6.630576641250192438e+01 9.710042428970336914e+01
1.680852245226833475e+02 9.716640591621398926e+01
2.362330683409938388e+02 9.723060417175292969e+01
2.279316347697306924e+02 9.729785990715026855e+01
2.360059622515421154e+02 9.736591911315917969e+01
2.758505749012638830e+02 9.743157339096069336e+01
1.980890563777128079e+02 9.749816417694091797e+01
1.846403701797584915e+02 9.756427407264709473e+01
1.552282781436978496e+02 9.763275480270385742e+01
1.714602802713577887e+02 9.770026803016662598e+01
1.476788313366773195e+02 9.776591968536376953e+01
1.684730174928423878e+02 9.783094167709350586e+01
1.696960279073821880e+02 9.789915680885314941e+01
1.860913302242790621e+02 9.796475124359130859e+01
2.189816462177136884e+02 9.803029417991638184e+01
2.261972137026325242e+02 9.809806561470031738e+01
2.197463963774165450e+02 9.816708040237426758e+01
2.351162016587795449e+02 9.823228096961975098e+01
2.020071239881987140e+02 9.829851174354553223e+01
1.831548400026269690e+02 9.836515784263610840e+01
1.680962320864894650e+02 9.843272519111633301e+01
1.766402624713794580e+02 9.849825859069824219e+01
1.586421646940600567e+02 9.856526565551757812e+01
1.604346154228600483e+02 9.863152408599853516e+01
1.974204139616026339e+02 9.869929361343383789e+01
1.921956374990091660e+02 9.876592493057250977e+01
3.304760330860183331e+02 9.880998325347900391e+01
1.411212359030294579e+02 9.888630294799804688e+01
1.959797594360618405e+02 9.897829079627990723e+01
5.695961126187319223e+02 9.901287269592285156e+01
8.868038523718338695e+01 9.908851742744445801e+01
4.934057424560081984e+01 9.917450428009033203e+01
8.908520135054853029e+01 9.923495388031005859e+01
1.001889487486441368e+02 9.929886436462402344e+01
1.154278399890927318e+02 9.936708021163940430e+01
1.444497836961750750e+02 9.943238997459411621e+01
9.963119002173424121e+01 9.949972033500671387e+01
9.684179068443719984e+01 9.956583976745605469e+01
1.298901906798496668e+02 9.963206744194030762e+01
1.932326409233220943e+02 9.969874405860900879e+01
1.950070414684716695e+02 9.976599740982055664e+01
2.459407845070397514e+02 9.983256101608276367e+01
2.179587195291343278e+02 9.989825153350830078e+01
2.295219401393169107e+02 9.996532487869262695e+01
2.395043028603994628e+02 1.000325198173522949e+02
2.647767844971638169e+02 1.001010241508483887e+02
2.603392757378127840e+02 1.001664364337921143e+02
2.962958356183515889e+02 1.002312681674957275e+02
1.873652201017978030e+02 1.002996172904968262e+02
2.631760599809021528e+02 1.003647692203521729e+02
2.137819638451994706e+02 1.004310865402221680e+02
2.279511562436668157e+02 1.004991896152496338e+02
1.987211574075557792e+02 1.005678193569183350e+02
2.239571817331937496e+02 1.006328327655792236e+02
1.881643524367182749e+02 1.006985695362091064e+02
1.776941402944213166e+02 1.007665686607360840e+02
1.950266898441244336e+02 1.008332262039184570e+02
1.637167543070908096e+02 1.008990125656127930e+02
1.660860940530285177e+02 1.009663290977478027e+02
1.747799620995459691e+02 1.010332973003387451e+02
1.541837143623578470e+02 1.011003866195678711e+02
1.566125493560853386e+02 1.011664354801177979e+02
1.887881228556996405e+02 1.012319550514221191e+02
1.703557422264037484e+02 1.012999060153961182e+02
1.609142857142857110e+02 1.013682653903961182e+02
2.109646461686774614e+02 1.014326813220977783e+02
1.624182634256244171e+02 1.015004076957702637e+02
1.754575776067259198e+02 1.015651402473449707e+02
1.713674617820140611e+02 1.016341857910156250e+02
1.977300220586352566e+02 1.017022261619567871e+02
2.061286817040538324e+02 1.017660355567932129e+02
1.893864299938176146e+02 1.018324067592620850e+02
1.673404196349803783e+02 1.019002792835235596e+02
1.697760322061303668e+02 1.019671781063079834e+02
1.913117118039853608e+02 1.020318334102630615e+02
1.542228997228791059e+02 1.020998394489288330e+02
1.714041576769303390e+02 1.021688702106475830e+02
1.721529839329557205e+02 1.022327668666839600e+02
1.542566632065481826e+02 1.022988777160644531e+02
1.550134830976792557e+02 1.023674533367156982e+02
1.712164243698668145e+02 1.024343016147613525e+02
1.543788670133866390e+02 1.024990773200988770e+02
1.401500525907688370e+02 1.025663907527923584e+02
1.567976103747280092e+02 1.026320526599884033e+02
1.265485640019709876e+02 1.027000291347503662e+02
1.313226518635480318e+02 1.027655344009399414e+02
1.359412659101349163e+02 1.028321468830108643e+02
1.311533706628702873e+02 1.029016108512878418e+02
1.223450495191184189e+02 1.029680135250091553e+02
1.499778256798055338e+02 1.030360105037689209e+02
1.345554219194547727e+02 1.030999419689178467e+02
1.213097183122155656e+02 1.031669113636016846e+02
1.284414403001824780e+02 1.032347850799560547e+02
1.400989614066368176e+02 1.033009784221649170e+02
1.445959481558759308e+02 1.033676722049713135e+02
1.757024149049495065e+02 1.034350142478942871e+02
1.687737109465063554e+02 1.035015232563018799e+02
1.652148536805093784e+02 1.035667130947113037e+02
1.891356705861654746e+02 1.036338002681732178e+02
1.714875321401801784e+02 1.037013027667999268e+02
1.685065639057464182e+02 1.037692260742187500e+02
1.966947083665215530e+02 1.038333151340484619e+02
1.763326092540711443e+02 1.038999354839324951e+02
1.746679795150753307e+02 1.039671907424926758e+02
2.165885588400271899e+02 1.040339386463165283e+02
1.877080263358195680e+02 1.041025776863098145e+02
2.483266075697059705e+02 1.041661219596862793e+02
2.247822124677522027e+02 1.042335906028747559e+02
3.193504614713591536e+02 1.042788600921630859e+02
1.135060067850890704e+02 1.043796963691711426e+02
3.875545128201032981e+02 1.044335706233978271e+02
1.672853124879689517e+02 1.045006713867187500e+02
2.245544712059278538e+02 1.045682084560394287e+02
2.770050827107130544e+02 1.046336886882781982e+02
2.695434902868375957e+02 1.047006740570068359e+02
2.180810672391675951e+02 1.047696084976196289e+02
2.991558732888785244e+02 1.048339073657989502e+02
2.712086063612713360e+02 1.049011924266815186e+02
2.688905988326089300e+02 1.049661417007446289e+02
4.336847451181001247e+02 1.050131714344024658e+02
1.212383320386931871e+02 1.050892162322998047e+02
1.987385562412362390e+02 1.051849515438079834e+02
3.928692501825891554e+02 1.052343738079071045e+02
1.551262707956482245e+02 1.053016757965087891e+02
2.552432306634833878e+02 1.053662903308868408e+02
2.077585008797424848e+02 1.054363727569580078e+02
2.209918328831629708e+02 1.055022585391998291e+02
2.657436150199082476e+02 1.055671093463897705e+02
2.168017558231712201e+02 1.056339509487152100e+02
2.333259597600487325e+02 1.057011718750000000e+02
2.197363694586545932e+02 1.057685191631317139e+02
2.565458278080151331e+02 1.058356950283050537e+02
2.470798207137236204e+02 1.059005777835845947e+02
2.307384355722052192e+02 1.059668738842010498e+02
2.642438396340579629e+02 1.060360360145568848e+02
2.414475611515757407e+02 1.061030552387237549e+02
2.788450407810410070e+02 1.061678061485290527e+02
2.399671385756259099e+02 1.062342209815979004e+02
2.264465421870501416e+02 1.063037650585174561e+02
3.019712816181186668e+02 1.063684043884277344e+02
2.612486672878630998e+02 1.064343709945678711e+02
2.494911377509258728e+02 1.065015599727630615e+02
2.891414987920037447e+02 1.065690674781799316e+02
2.593110763135971411e+02 1.066341705322265625e+02
2.384235627116215142e+02 1.067008836269378662e+02
2.447728654145986127e+02 1.067678894996643066e+02
2.438939062034631888e+02 1.068364980220794678e+02
2.395355587925360794e+02 1.069019763469696045e+02
2.605129925823148938e+02 1.069683516025543213e+02
2.297321153675546554e+02 1.070339345932006836e+02
2.173980754466413714e+02 1.071023163795471191e+02
2.536088644452362360e+02 1.071689999103546143e+02
2.084952170288953255e+02 1.072359762191772461e+02
2.456258717794564461e+02 1.073017489910125732e+02
2.238200480666506849e+02 1.073693602085113525e+02
2.361401781758385425e+02 1.074353737831115723e+02
1.995300171673393379e+02 1.075012934207916260e+02
1.992798753188847911e+02 1.075674862861633301e+02
1.606993590104578402e+02 1.076350831985473633e+02
1.341942921909513586e+02 1.077033808231353760e+02
1.856903658878670171e+02 1.077682285308837891e+02
1.520349891550841903e+02 1.078353054523468018e+02
1.099554875524106450e+02 1.079039680957794189e+02
1.232745448901398646e+02 1.079698700904846191e+02
1.897757395686263351e+02 1.080348353385925293e+02
2.265354888368640331e+02 1.081023614406585693e+02
2.729806327193484776e+02 1.081700079441070557e+02
2.430921402056878264e+02 1.082355690002441406e+02
2.537422262883573580e+02 1.083022174835205078e+02
2.726303602073883781e+02 1.083705441951751709e+02
2.342947370644447176e+02 1.084384329319000244e+02
2.933859860883390525e+02 1.085026535987854004e+02
2.620709326303874036e+02 1.085686342716217041e+02
2.446379434231930361e+02 1.086356770992279053e+02
2.523317780113791855e+02 1.087036290168762207e+02
2.739149503374853225e+02 1.087716352939605713e+02
2.394866477426060101e+02 1.088367264270782471e+02
2.312737723211244543e+02 1.089023013114929199e+02
2.728516917508314350e+02 1.089700789451599121e+02
2.491805136766864734e+02 1.090355315208435059e+02
2.416543428264767499e+02 1.091030225753784180e+02
2.402274373792984932e+02 1.091689724922180176e+02
2.072875165588867787e+02 1.092366836071014404e+02
1.790210638097868525e+02 1.093041787147521973e+02
2.316177533573395806e+02 1.093699402809143066e+02
1.950756354281998597e+02 1.094387156963348389e+02
2.053757105352383121e+02 1.095022013187408447e+02
1.628621414538917804e+02 1.095700216293334961e+02
2.886847341709897705e+02 1.096134252548217773e+02
1.199529165987316048e+02 1.096898314952850342e+02
2.119867997407299640e+02 1.097575371265411377e+02
2.259304666868814877e+02 1.098250992298126221e+02
1.702225743416335604e+02 1.098829579353332520e+02
5.626226817476642594e+01 1.099562416076660156e+02
3.206127433181854514e+01 1.100186221599578857e+02
4.774119342296461355e+01 1.100848600864410400e+02
6.894617997720560254e+01 1.101497242450714111e+02
6.719480755791151694e+01 1.102162790298461914e+02
5.913500255760340707e+01 1.102860026359558105e+02
2.131851250728949765e+01 1.103523399829864502e+02
1.391856537003975447e+01 1.104241864681243896e+02
1.654388110095217002e+01 1.104846317768096924e+02
1.454985589453347217e+01 1.105818295478820801e+02
3.569058488663487338e+01 1.106378667354583740e+02
2.624642375226479274e+01 1.107048513889312744e+02
3.467920730911607308e+01 1.107693300247192383e+02
4.415661090465010830e+01 1.108372700214385986e+02
7.772622781963784178e+01 1.109028723239898682e+02
1.056926673779030210e+02 1.109697744846343994e+02
1.067763825157640127e+02 1.110359976291656494e+02
1.321971629775581505e+02 1.111044967174530029e+02
1.846090788127382609e+02 1.111706178188323975e+02
2.181546158859439970e+02 1.112372028827667236e+02
2.805192263736562381e+02 1.113033204078674316e+02
2.533308407317037734e+02 1.113710043430328369e+02
2.733875659853534899e+02 1.114365394115447998e+02
2.752293063209115189e+02 1.115024421215057373e+02
2.617739437508097353e+02 1.115691571235656738e+02
1.636492055404418693e+02 1.116390964984893799e+02
1.865861843623634115e+02 1.117042970657348633e+02
1.850345599392091742e+02 1.117693746089935303e+02
1.640158957998449125e+02 1.118367178440093994e+02
1.674794526780515298e+02 1.119034743309020996e+02
1.697993205257178317e+02 1.119708805084228516e+02
1.540945767319706761e+02 1.120373783111572266e+02
1.467861299305490945e+02 1.121023666858673096e+02
1.654715057488232048e+02 1.121712713241577148e+02
1.602272507681856268e+02 1.122367289066314697e+02
1.416925245615211679e+02 1.123036825656890869e+02
1.645246647760363885e+02 1.123694274425506592e+02
1.607708707060952804e+02 1.124392471313476562e+02
1.987189383943506300e+02 1.125040829181671143e+02
1.744501017330228194e+02 1.125691893100738525e+02
1.789216399592881146e+02 1.126353197097778320e+02
1.633272054007293832e+02 1.127048599720001221e+02
1.969149696100772360e+02 1.127708783149719238e+02
1.834340325605387818e+02 1.128369748592376709e+02
1.684607470434478103e+02 1.129033424854278564e+02
1.919988732037282944e+02 1.129710512161254883e+02
1.783747268493958984e+02 1.130369088649749756e+02
1.609489925373903247e+02 1.131038265228271484e+02
1.832203533474076949e+02 1.131713371276855469e+02
1.478154404322007736e+02 1.132393264770507812e+02
1.696013880617863947e+02 1.133041844367980957e+02
1.503506515169509044e+02 1.133713574409484863e+02
1.546498139838429609e+02 1.134370257854461670e+02
1.472682752493275018e+02 1.135056047439575195e+02
1.543664664116727465e+02 1.135707087516784668e+02
1.332635272341743189e+02 1.136396892070770264e+02
1.431437168350587683e+02 1.137029500007629395e+02
1.175213361509363210e+02 1.137731177806854248e+02
1.267392768043401219e+02 1.138367307186126709e+02
1.054709285467083788e+02 1.139044406414031982e+02
1.247279427159535317e+02 1.139710385799407959e+02
9.161558137290947457e+01 1.140409297943115234e+02
1.391593626357241646e+02 1.141039867401123047e+02
1.127520509996255953e+02 1.141709463596343994e+02
1.127080755429154237e+02 1.142361454963684082e+02
1.101850461084297592e+02 1.143046650886535645e+02
1.308058464374571201e+02 1.143734693527221680e+02
1.237142561635481570e+02 1.144386377334594727e+02
1.372461337640424119e+02 1.145038073062896729e+02
1.401093596236373457e+02 1.145711402893066406e+02
1.195766526967318839e+02 1.146385636329650879e+02
1.466331377181205369e+02 1.147032613754272461e+02
1.258552476987869682e+02 1.147711489200592041e+02
1.195001675862517772e+02 1.148386154174804688e+02
1.321301031854760879e+02 1.149037203788757324e+02
1.214120398346956478e+02 1.149701244831085205e+02
1.280127132826613661e+02 1.150373234748840332e+02
1.116824907820128914e+02 1.151055147647857666e+02
1.519586547873935274e+02 1.151732676029205322e+02
1.438363705116526319e+02 1.152377409934997559e+02
1.502598074251497451e+02 1.153046243190765381e+02
1.415488307634587102e+02 1.153712725639343262e+02
1.369166425548830262e+02 1.154390044212341309e+02
1.620602240787737287e+02 1.155048878192901611e+02
1.587771033774222929e+02 1.155730125904083252e+02
1.739973875786464248e+02 1.156395413875579834e+02
2.131183258044979425e+02 1.157040488719940186e+02
1.748315162303519514e+02 1.157727186679840088e+02
1.898054967287586123e+02 1.158378870487213135e+02
1.982368601735047093e+02 1.159072370529174805e+02
1.912763531282190854e+02 1.159743924140930176e+02
2.233078358402472361e+02 1.160381958484649658e+02
1.909504260540733185e+02 1.161048514842987061e+02
1.917924156494609349e+02 1.161749982833862305e+02
2.535772517816545530e+02 1.162393159866333008e+02
2.079318656808343064e+02 1.163049056529998779e+02
2.814504737518844877e+02 1.163499884605407715e+02
1.170650038417425520e+02 1.164273419380187988e+02
2.359319646347289279e+02 1.164869830608367920e+02
1.552832301291921056e+02 1.165529718399047852e+02
1.099000796749447062e+02 1.166358692646026611e+02
1.801450332772853073e+02 1.166873478889465332e+02
9.016906010834981089e+01 1.167538895606994629e+02
7.669542384224635612e+01 1.168190824985504150e+02
5.970815731688654893e+01 1.168860750198364258e+02
4.656574451578940455e+01 1.169539849758148193e+02
2.129234083270475253e+01 1.170204038619995117e+02
1.050937983117055552e+01 1.171155569553375244e+02
0.000000000000000000e+00 1.171751253604888916e+02
0.000000000000000000e+00 1.172400348186492920e+02
4.797361738145399812e+01 1.173059518337249756e+02
6.827555671311368712e+01 1.173498914241790771e+02
3.568587812888185340e+01 1.174339582920074463e+02
7.435028428856951166e+01 1.174877576828002930e+02
2.510738881132125755e+01 1.175567433834075928e+02
0.000000000000000000e+00 1.176124689579010010e+02
1.362136392126551954e+01 1.176858830451965332e+02
1.463250105531968259e+01 1.177542240619659424e+02
1.385250823196810899e+01 1.178264131546020508e+02
2.365748654535046569e+01 1.178861918449401855e+02
0.000000000000000000e+00 1.179611647129058838e+02
0.000000000000000000e+00 1.180525922775268555e+02
3.535409695120409168e+01 1.180808775424957275e+02
0.000000000000000000e+00 1.181601808071136475e+02
0.000000000000000000e+00 1.182265257835388184e+02
0.000000000000000000e+00 1.182947664260864258e+02
0.000000000000000000e+00 1.183622643947601318e+02
1.488672146741059343e+01 1.184294383525848389e+02
0.000000000000000000e+00 1.184934866428375244e+02
0.000000000000000000e+00 1.185601284503936768e+02
0.000000000000000000e+00 1.186278126239776611e+02
0.000000000000000000e+00 1.186930897235870361e+02
0.000000000000000000e+00 1.187610626220703125e+02
0.000000000000000000e+00 1.188265535831451416e+02
1.497083504363500062e+01 1.188933501243591309e+02
0.000000000000000000e+00 1.189606194496154785e+02
0.000000000000000000e+00 1.190289976596832275e+02
0.000000000000000000e+00 1.191307327747344971e+02
0.000000000000000000e+00 1.191762914657592773e+02
0.000000000000000000e+00 1.192390594482421875e+02
2.945303760713169794e+01 1.193069641590118408e+02
6.314928654145544584e+01 1.193722555637359619e+02
5.911425249286494221e+01 1.194399211406707764e+02
9.950061781153954144e+01 1.195065865516662598e+02
1.487732889937240941e+02 1.195741381645202637e+02
2.412283613646738161e+02 1.196407239437103271e+02
2.497832587880574522e+02 1.197065076828002930e+02
2.580536919897487564e+02 1.197724993228912354e+02
2.353868742376635055e+02 1.198411331176757812e+02
2.120050321874678616e+02 1.199068315029144287e+02
8.672774555417788633e+01 1.199730682373046875e+02
9.977463168851492981e+01 1.200403017997741699e+02
